1 0.617318 0.493056 0.020052 0.038889
8 0.675391 0.695139 0.037240 0.059722
1 0.462891 0.189120 0.019010 0.028241
1 0.405990 0.089352 0.018229 0.027778
1 0.303516 0.518287 0.024740 0.039352
1 0.723679 0.753477 0.024931 0.050762
2 0.245573 0.726157 0.013542 0.025463
5 0.397917 0.608102 0.043229 0.173611
2 0.193880 0.891667 0.018490 0.028704
1 0.631120 0.195602 0.017448 0.031019
2 0.941526 0.671639 0.022176 0.033055
5 0.771615 0.431713 0.083333 0.064352
2 0.297656 0.744213 0.017188 0.036574
2 0.111328 0.796991 0.011719 0.029167
