7 0.489099 0.490106 0.048099 0.052852
3 0.237943 0.478449 0.078208 0.067361
5 0.036182 0.923785 0.048469 0.068958
3 0.585754 0.754493 0.078638 0.086727
2 0.250770 0.863560 0.015534 0.024491
7 0.359404 0.455648 0.050339 0.055037
2 0.792788 0.980525 0.012602 0.018394
2 0.702284 0.774213 0.012172 0.019083
7 0.866335 0.063141 0.058586 0.059931
2 0.418879 0.889463 0.020596 0.034343
1 0.369003 0.972255 0.017359 0.028713
2 0.335818 0.725380 0.014771 0.023963
7 0.423938 0.305588 0.036458 0.041509
2 0.139995 0.979208 0.016880 0.025907
2 0.928443 0.863764 0.015823 0.025824
2 0.668083 0.791405 0.016193 0.024606
1 0.338849 0.934322 0.042661 0.074838
1 0.394862 0.751255 0.022260 0.036759
7 0.271283 0.296236 0.056378 0.057009
2 0.336794 0.676595 0.013807 0.023106
2 0.640643 0.744523 0.012422 0.020769
3 0.836621 0.813042 0.072799 0.096231
2 0.789887 0.893611 0.020596 0.034343
2 0.408938 0.777359 0.009646 0.015912
7 0.414725 0.379229 0.052846 0.063162
3 0.041695 0.393688 0.083354 0.110264
2 0.293307 0.785021 0.010922 0.018903
1 0.825702 0.685704 0.030602 0.051815
