9 0.466016 0.138194 0.044531 0.058796
2 0.582650 0.848151 0.011276 0.017361
7 0.466434 0.604741 0.047301 0.073153
1 0.629224 0.359050 0.018414 0.032707
1 0.617105 0.299229 0.017385 0.030137
1 0.434932 0.289231 0.020628 0.033853
2 0.500883 0.705463 0.011762 0.019484
2 0.255626 0.764527 0.012959 0.022707
1 0.702478 0.390225 0.020772 0.031448
1 0.843382 0.854801 0.020156 0.039536
1 0.595750 0.300471 0.015331 0.025077
1 0.689173 0.737937 0.040846 0.060164
1 0.742278 0.397543 0.014154 0.023517
1 0.632250 0.314671 0.013676 0.025575
1 0.646807 0.758280 0.015855 0.027517
2 0.539095 0.926271 0.010525 0.017449
3 0.038021 0.745833 0.073958 0.121296
1 0.542006 0.860408 0.024575 0.039172
3 0.470252 0.324462 0.050601 0.048486
1 0.572908 0.396355 0.013887 0.024384
1 0.510822 0.505718 0.015573 0.028020
1 0.870052 0.715972 0.039583 0.053241
1 0.260046 0.378753 0.017680 0.029721
2 0.084978 0.673280 0.013031 0.021666
2 0.399683 0.948646 0.009783 0.017945
1 0.527038 0.377138 0.017479 0.031105
1 0.225944 0.372969 0.029227 0.045733
7 0.504673 0.607006 0.022608 0.036777
