1 0.357921 0.643621 0.065666 0.077607
8 0.076441 0.964991 0.048811 0.070019
1 0.384236 0.404659 0.021108 0.035675
1 0.531605 0.029031 0.017503 0.036706
1 0.490884 0.311887 0.025442 0.043809
1 0.686832 0.213459 0.017182 0.033389
7 0.204721 0.406457 0.039447 0.048392
1 0.587397 0.169718 0.022650 0.031589
1 0.671940 0.388962 0.019530 0.034165
2 0.469986 0.510341 0.015254 0.023781
1 0.219759 0.077660 0.022723 0.039876
1 0.442073 0.086265 0.014211 0.024774
6 0.581515 0.847049 0.046497 0.236350
1 0.041797 0.189068 0.032569 0.079806
1 0.237742 0.289769 0.025983 0.037456
6 0.965679 0.622466 0.068643 0.168289
