2 0.853626 0.386875 0.013289 0.022241
7 0.359503 0.874748 0.045219 0.071282
2 0.589156 0.847396 0.013052 0.022329
2 0.557074 0.827833 0.013289 0.022241
2 0.389249 0.903282 0.012945 0.022907
7 0.383004 0.595979 0.054768 0.060718
2 0.414993 0.516407 0.012945 0.022907
7 0.435931 0.762935 0.040836 0.051204
2 0.573348 0.595856 0.012945 0.022907
2 0.509715 0.868741 0.013289 0.022241
2 0.618525 0.449912 0.012945 0.022907
7 0.345038 0.165484 0.053206 0.056162
2 0.354167 0.977373 0.011104 0.018875
2 0.657257 0.717509 0.012945 0.022907
2 0.380507 0.472366 0.012945 0.022907
2 0.288807 0.484764 0.011891 0.019852
2 0.466483 0.523315 0.012945 0.022907
2 0.615608 0.574269 0.012945 0.022907
2 0.334845 0.491366 0.012945 0.022907
2 0.329501 0.930917 0.012945 0.022907
2 0.266777 0.612282 0.013154 0.021620
2 0.336303 0.828153 0.012945 0.022907
2 0.479598 0.529361 0.012945 0.022907
2 0.760363 0.831606 0.012945 0.022907
