2 0.76215494791666671404 0.81264351851851845954 0.02262760416666663443 0.03218518518518517779
2 0.07099088541666667695 0.87413888888888890971 0.02262760416666666913 0.03333333333333333287
2 0.09265104166666665586 0.93390740740740729731 0.02327604166666668098 0.03333333333333322879
2 0.82228385416666660568 0.97988425925925937143 0.02392187500000003339 0.03103703703703701924
2 0.70234895833333332860 0.77126388888888897100 0.02715624999999993391 0.03908333333333336573
5 0.67874999999999985345 0.41091898148148148229 0.06142187500000003547 0.04482870370370372476
3 0.41301692708333337389 0.69080555555555556158 0.08857552083333329607 0.10114814814814815369
3 0.26689583333333338766 0.73046064814814815058 0.14418229166666668428 0.12988425925925922710
9 0.37583984374999995781 0.25862037037037038933 0.05430989583333332288 0.05287037037037039394
9 0.60439583333333335435 0.21264351851851853725 0.06918229166666663155 0.06437037037037038334
