2 0.744576 0.590241 0.027307 0.041278
2 0.383905 0.683074 0.011279 0.019694
2 0.883259 0.830745 0.011279 0.019694
2 0.602969 0.813241 0.009990 0.017417
3 0.284180 0.164815 0.065036 0.069963
7 0.623632 0.691012 0.048237 0.055125
5 0.445600 0.376551 0.028174 0.032815
1 0.358172 0.169062 0.040521 0.058301
2 0.808939 0.599310 0.011279 0.019694
2 0.813796 0.823833 0.011279 0.019694
7 0.403479 0.087609 0.042724 0.051208
2 0.632047 0.879234 0.014344 0.026431
2 0.745303 0.694301 0.011279 0.019694
3 0.339103 0.546565 0.131523 0.125694
7 0.548487 0.288681 0.028547 0.036019
3 0.597385 0.061567 0.075969 0.056310
7 0.573014 0.692248 0.051154 0.083597
2 0.371660 0.858722 0.011279 0.019694
7 0.710815 0.660625 0.057641 0.060231
7 0.660199 0.659248 0.033357 0.042958
