3 0.506155 0.250209 0.141713 0.145855
2 0.917522 0.743878 0.016807 0.025891
3 0.440398 0.574015 0.119300 0.112967
7 0.379429 0.249565 0.046481 0.054980
3 0.216999 0.303811 0.122499 0.107510
2 0.870997 0.854870 0.013108 0.021510
1 0.319012 0.235234 0.027930 0.037457
1 0.376933 0.297194 0.018795 0.030667
1 0.523393 0.156812 0.024504 0.038672
5 0.766231 0.224846 0.065073 0.052421
1 0.500088 0.278669 0.014380 0.029493
1 0.391193 0.046550 0.045465 0.055283
1 0.781189 0.977124 0.041036 0.045751
1 0.549572 0.947309 0.018546 0.028827
