8 0.350122 0.309293 0.050948 0.082128
5 0.478478 0.609496 0.047250 0.051931
1 0.744699 0.483442 0.019289 0.040409
1 0.595467 0.663411 0.019136 0.032389
1 0.329919 0.392128 0.015118 0.027289
7 0.732552 0.671528 0.055208 0.077315
6 0.442063 0.456382 0.028226 0.059286
1 0.847913 0.382865 0.021587 0.035111
1 0.602146 0.483418 0.011840 0.018771
6 0.262677 0.732892 0.079126 0.180618
1 0.932931 0.707903 0.021760 0.030034
1 0.552974 0.409685 0.017563 0.027193
1 0.418343 0.781169 0.017360 0.025619
1 0.673812 0.267365 0.021266 0.031690
1 0.746620 0.266795 0.019392 0.030999
1 0.253165 0.576943 0.015164 0.024520
1 0.918135 0.609645 0.026484 0.039960
1 0.524931 0.252904 0.018913 0.033413
1 0.230016 0.890611 0.015724 0.027370
6 0.770829 0.946352 0.062665 0.107296
6 0.541218 0.375318 0.036783 0.100069
1 0.269082 0.562471 0.015550 0.024588
6 0.630382 0.636118 0.030437 0.085598
1 0.296298 0.896297 0.023839 0.040325
2 0.690647 0.851066 0.009091 0.015485
