1 0.208832 0.163209 0.020700 0.035453
1 0.899103 0.086388 0.025097 0.039601
1 0.514145 0.124527 0.017349 0.031859
1 0.370583 0.142873 0.025822 0.041442
1 0.287461 0.226429 0.016866 0.031677
1 0.490114 0.127806 0.015100 0.029705
1 0.589353 0.213234 0.010982 0.020224
1 0.455817 0.230895 0.012290 0.021569
7 0.885417 0.287269 0.135937 0.110648
1 0.786917 0.674211 0.018518 0.032844
1 0.892022 0.160624 0.022430 0.036310
1 0.587816 0.842539 0.020522 0.030692
2 0.831202 0.927820 0.020311 0.033525
1 0.719792 0.293750 0.021875 0.032870
1 0.274517 0.411791 0.015850 0.028195
1 0.729210 0.065898 0.018009 0.031858
1 0.573030 0.205633 0.013377 0.022892
1 0.440581 0.101392 0.014343 0.031442
1 0.592358 0.067998 0.016086 0.027416
1 0.626482 0.163594 0.013628 0.023693
1 0.513578 0.186480 0.015319 0.027243
1 0.943605 0.165184 0.020929 0.043107
1 0.683951 0.118748 0.017669 0.032150
1 0.672756 0.061038 0.019030 0.030233
1 0.695964 0.304630 0.018490 0.033333
1 0.512071 0.410633 0.014152 0.023582
1 0.243307 0.358077 0.013535 0.026225
1 0.752413 0.221271 0.022564 0.043055
1 0.227441 0.505983 0.014001 0.023043
1 0.326203 0.843849 0.038523 0.044702
1 0.531671 0.113594 0.012316 0.023903
1 0.520665 0.286183 0.019771 0.031351
1 0.492251 0.288820 0.014001 0.024811
6 0.368035 0.214855 0.045056 0.100476
1 0.862192 0.153739 0.017674 0.032644
1 0.345480 0.407970 0.013724 0.025951
1 0.550568 0.228422 0.011797 0.023230
1 0.383743 0.408684 0.012915 0.022504
1 0.609671 0.225874 0.016998 0.025181
1 0.421831 0.435237 0.015813 0.028898
1 0.088338 0.064421 0.019013 0.029519
1 0.396490 0.417755 0.012552 0.022152
1 0.455188 0.350539 0.013870 0.023890
1 0.414534 0.286368 0.013727 0.022005
2 0.941595 0.948139 0.010711 0.019029
3 0.524750 0.077090 0.135301 0.126642
1 0.970085 0.045063 0.022119 0.039722
6 0.773588 0.452157 0.027298 0.070113
6 0.787681 0.334452 0.039075 0.069797
1 0.827367 0.199183 0.023163 0.033121
6 0.405859 0.788194 0.025781 0.081019
1 0.609471 0.081439 0.016352 0.027489
1 0.589607 0.215004 0.013492 0.019901
2 0.960668 0.833202 0.019178 0.027156
