2 0.531534 0.845034 0.014170 0.022762
2 0.455519 0.939421 0.019481 0.033208
2 0.718258 0.885749 0.014091 0.026402
1 0.277084 0.375637 0.021297 0.035488
3 0.547082 0.336738 0.054619 0.074513
1 0.735539 0.780830 0.019971 0.036937
1 0.796300 0.446019 0.019540 0.040706
1 0.376685 0.293617 0.017207 0.030799
1 0.540249 0.425570 0.023431 0.030759
1 0.416510 0.484945 0.027346 0.041884
2 0.540742 0.685219 0.012950 0.023014
2 0.267128 0.904622 0.014027 0.027144
2 0.374779 0.972628 0.011790 0.021568
2 0.788551 0.818417 0.013732 0.024100
2 0.171020 0.915430 0.014907 0.025097
1 0.567318 0.736712 0.018275 0.030056
7 0.425521 0.669676 0.039583 0.051389
1 0.314416 0.848878 0.022053 0.039151
1 0.490918 0.286276 0.015956 0.025844
2 0.755032 0.924327 0.014712 0.026192
1 0.708982 0.837808 0.022651 0.038046
1 0.569349 0.453645 0.015999 0.026607
7 0.377344 0.638194 0.053125 0.074537
