8 0.520270 0.461992 0.043445 0.070954
5 0.646821 0.773860 0.041366 0.053929
1 0.712033 0.435735 0.024866 0.042404
1 0.271354 0.656250 0.027604 0.027315
1 0.386019 0.323916 0.022617 0.039537
2 0.918701 0.914226 0.015200 0.025629
6 0.602964 0.610568 0.034890 0.059623
2 0.455407 0.887313 0.011133 0.019353
7 0.291927 0.258333 0.076042 0.078704
2 0.918802 0.606224 0.013821 0.022826
7 0.556641 0.723611 0.039323 0.042593
2 0.535698 0.930584 0.012059 0.020448
1 0.918609 0.706723 0.020947 0.040861
2 0.165155 0.684150 0.013852 0.022691
8 0.510625 0.732298 0.014840 0.021370
1 0.395307 0.727876 0.015599 0.024831
1 0.355656 0.797254 0.038795 0.051631
1 0.506196 0.542222 0.014187 0.025760
1 0.738127 0.378352 0.023052 0.039986
1 0.491011 0.548868 0.016919 0.030227
7 0.410938 0.179167 0.058854 0.056481
1 0.457489 0.703648 0.015972 0.028913
