5 0.108615 0.336639 0.083359 0.073968
8 0.657476 0.825242 0.028209 0.048271
1 0.606386 0.869010 0.022454 0.040121
1 0.372857 0.028149 0.020848 0.033735
1 0.680487 0.057324 0.021476 0.030654
1 0.329204 0.096735 0.015766 0.029766
1 0.876279 0.641560 0.093009 0.101180
1 0.860704 0.130037 0.020209 0.034277
1 0.683468 0.949926 0.034154 0.055636
1 0.549113 0.102311 0.014116 0.022988
1 0.376178 0.119728 0.017658 0.029576
1 0.613877 0.214804 0.020394 0.033998
1 0.094042 0.096081 0.021724 0.037294
1 0.914521 0.081833 0.025566 0.038795
1 0.327098 0.159446 0.014847 0.023925
1 0.661392 0.087857 0.023040 0.032432
1 0.839779 0.037352 0.017946 0.029600
1 0.479557 0.148764 0.014280 0.025282
1 0.349288 0.186571 0.017740 0.026079
1 0.362383 0.396380 0.014426 0.023102
1 0.395563 0.040015 0.017038 0.027708
1 0.640067 0.069919 0.012196 0.021562
1 0.663488 0.222015 0.027037 0.038590
7 0.647526 0.336574 0.046615 0.051852
1 0.550024 0.034040 0.017501 0.023863
1 0.714458 0.171862 0.023721 0.031634
1 0.756733 0.534700 0.020178 0.034884
1 0.347129 0.105763 0.016078 0.026600
1 0.546506 0.193952 0.023048 0.033593
1 0.451715 0.055347 0.016875 0.027843
1 0.947522 0.098614 0.022328 0.035240
1 0.502282 0.947859 0.021739 0.043800
1 0.499458 0.131727 0.017337 0.039781
6 0.232685 0.776144 0.055014 0.188527
1 0.599192 0.115581 0.015820 0.024592
1 0.664639 0.698584 0.019898 0.036768
1 0.244872 0.346064 0.018113 0.028220
1 0.263531 0.115829 0.014336 0.028772
1 0.497446 0.531138 0.019684 0.027781
1 0.832581 0.471051 0.026826 0.045545
1 0.600768 0.089290 0.016630 0.026501
1 0.526064 0.291288 0.012142 0.020511
1 0.855174 0.024917 0.015776 0.027831
1 0.669004 0.494122 0.019036 0.028038
1 0.410315 0.081492 0.016399 0.030284
1 0.307934 0.379409 0.021161 0.038289
1 0.392840 0.108963 0.014191 0.028863
1 0.586390 0.881956 0.017447 0.034776
1 0.407343 0.341621 0.011420 0.020771
1 0.689784 0.274418 0.012079 0.022966
1 0.616261 0.634242 0.024051 0.032551
1 0.664244 0.315985 0.016739 0.026397
1 0.876090 0.440917 0.081916 0.079815
1 0.639799 0.219023 0.016162 0.023950
1 0.406129 0.892245 0.035105 0.056268
6 0.949853 0.206346 0.094145 0.209175
1 0.338668 0.402413 0.031559 0.039563
1 0.926575 0.458455 0.034615 0.048206
1 0.620875 0.135835 0.018140 0.030868
1 0.507087 0.067394 0.018323 0.034191
6 0.659896 0.443056 0.036458 0.103704
1 0.543073 0.290935 0.014549 0.024045
1 0.393880 0.434406 0.012686 0.021164
7 0.239351 0.462880 0.072670 0.105431
1 0.256990 0.387065 0.018910 0.028593
1 0.455152 0.024671 0.015891 0.026498
1 0.259961 0.073956 0.021902 0.037517
1 0.232603 0.084908 0.022277 0.035909
1 0.625007 0.547408 0.013572 0.023117
1 0.527486 0.342708 0.012900 0.024673
1 0.691980 0.325556 0.012710 0.025947
