8 0.577884 0.786863 0.029011 0.046074
1 0.812690 0.079178 0.026953 0.047344
1 0.595005 0.904856 0.032443 0.055187
1 0.271625 0.039928 0.018487 0.031618
1 0.843005 0.100806 0.029483 0.047023
1 0.495328 0.149480 0.030989 0.044663
1 0.591704 0.660607 0.025024 0.035394
1 0.795470 0.594312 0.071406 0.085696
1 0.610561 0.173606 0.025560 0.037704
1 0.264484 0.105722 0.019452 0.032725
1 0.555030 0.033685 0.022850 0.039780
5 0.034300 0.292050 0.068347 0.083770
1 0.289156 0.135583 0.019711 0.030512
1 0.614177 0.037191 0.024256 0.030818
1 0.502855 0.048824 0.016384 0.026728
1 0.317191 0.065777 0.023709 0.036282
1 0.892461 0.043617 0.020384 0.030849
7 0.586667 0.288942 0.033484 0.047572
1 0.951355 0.302256 0.038732 0.059071
1 0.434110 0.498937 0.027684 0.036858
1 0.762765 0.431471 0.024132 0.036693
1 0.648425 0.054873 0.016343 0.026354
1 0.587666 0.173678 0.016429 0.026371
1 0.571855 0.087078 0.022418 0.033797
1 0.966111 0.105895 0.026342 0.042270
1 0.563353 0.164559 0.018173 0.028156
1 0.632163 0.765911 0.017324 0.031280
1 0.662287 0.500577 0.015088 0.028176
1 0.525540 0.834736 0.022552 0.041834
1 0.937141 0.243599 0.041572 0.068606
1 0.548402 0.597833 0.024388 0.036006
1 0.505883 0.838263 0.019169 0.034836
1 0.654658 0.144192 0.013560 0.024431
1 0.559435 0.264020 0.015072 0.024341
1 0.607091 0.273905 0.018773 0.030527
1 0.787071 0.038224 0.015968 0.026964
1 0.580503 0.444062 0.014180 0.023240
1 0.786304 0.374110 0.036403 0.064490
1 0.445531 0.079383 0.018590 0.044761
1 0.469347 0.619779 0.024933 0.035975
1 0.318512 0.866687 0.040913 0.060979
1 0.471026 0.301086 0.015003 0.025818
6 0.690444 0.234973 0.034655 0.086195
1 0.632730 0.477009 0.013053 0.023996
1 0.690152 0.304889 0.023084 0.030801
1 0.687759 0.492935 0.018153 0.034176
1 0.721767 0.034858 0.015531 0.026246
1 0.604384 0.456021 0.019163 0.031751
2 0.916906 0.468494 0.024744 0.034688
1 0.644402 0.104557 0.013131 0.021114
1 0.845732 0.409757 0.033399 0.044513
1 0.486927 0.102440 0.018796 0.028642
6 0.689936 0.228404 0.028017 0.075037
1 0.857281 0.031789 0.021052 0.034710
1 0.666217 0.122572 0.016359 0.026089
