1 0.23747786458333333681 0.40631944444444445530 0.02715364583333332998 0.04942592592592592177
1 0.51040625000000006128 0.10992592592592592693 0.02118229166666670341 0.03038888888888888196
1 0.29437499999999999778 0.49310416666666667673 0.01810416666666666077 0.04597685185185182433
1 0.14017187500000000133 0.43620601851851847908 0.04073437500000000322 0.05631944444444443587
1 0.41010807291666667718 0.67241203703703711358 0.04913802083333334431 0.09885185185185184353
1 0.20353515625000001554 0.08275694444444443854 0.04978385416666665508 0.06436574074074075114
2 0.61054817708333330994 0.87059259259259258457 0.01040364583333328562 0.01915740740740745629
2 0.82197786458333332860 0.83327083333333329396 0.01263281250000005719 0.02642129629629637322
2 0.79150781250000012967 0.90428472222222222587 0.00891666666666672894 0.01651388888888881759
2 0.44798046874999997158 0.95977314814814818078 0.01151822916666661242 0.02708333333333343834
3 0.21111848958333331860 0.55016435185185186274 0.11294531249999997802 0.14364351851851850372
3 0.46563151041666667185 0.28729166666666666741 0.18430468749999995293 0.20940740740740743098
