1 0.88111458333333336768 0.95564583333333319448 0.23469270833333338855 0.08791203703703698302
1 0.49206380208333333481 0.34954166666666663943 0.02002864583333335488 0.05962037037037035830
1 0.70494791666666667407 0.14294212962962962732 0.02939062499999991335 0.04222685185185186957
1 0.47529557291666668650 0.84803240740740737369 0.02654947916666661883 0.04802777777777767626
1 0.40053645833333334503 0.67579629629629633936 0.02515104166666664795 0.04968518518518526272
1 0.75080468750000006750 0.55531249999999998668 0.01956249999999997227 0.04719907407407409466
2 0.51572916666666668295 0.83005787037037048748 0.02197916666666662952 0.04605092592592593959
2 0.78574479166666677532 0.55515740740740737724 0.02197916666666669197 0.04325925925925917792
2 0.86973177083333341741 0.86006018518518523308 0.02668750000000000636 0.04744444444444445574
8 0.32174999999999998046 0.06609953703703703998 0.01804687500000004899 0.03440277777777778212
