1 0.354120 0.489505 0.016297 0.026759
2 0.416697 0.546637 0.050357 0.041912
2 0.539832 0.911056 0.012945 0.022907
2 0.136658 0.259069 0.012945 0.022907
2 0.822053 0.791019 0.012945 0.022907
2 0.594723 0.629532 0.012945 0.022907
2 0.578691 0.732296 0.012945 0.022907
2 0.220694 0.437824 0.012945 0.022907
2 0.129371 0.903280 0.018180 0.027116
7 0.253719 0.617442 0.063865 0.092245
2 0.178918 0.237481 0.012945 0.022907
7 0.505447 0.638604 0.057076 0.068069
2 0.373220 0.643352 0.012945 0.022907
5 0.665603 0.218329 0.055727 0.046602
8 0.589626 0.362731 0.022831 0.039722
2 0.321730 0.534542 0.012945 0.022907
2 0.613190 0.806208 0.013031 0.021806
5 0.401707 0.334854 0.031013 0.086958
1 0.362052 0.862299 0.020401 0.047495
2 0.282868 0.468051 0.012945 0.022907
2 0.185233 0.266843 0.012945 0.022907
2 0.307158 0.395509 0.012945 0.022907
2 0.340673 0.408463 0.012945 0.022907
2 0.913374 0.527632 0.018180 0.027116
1 0.797771 0.438727 0.025260 0.036269
2 0.587921 0.886009 0.012945 0.022907
2 0.572863 0.879968 0.012945 0.022907
2 0.184246 0.864979 0.018180 0.027116
2 0.274611 0.704662 0.012945 0.022907
7 0.544753 0.348093 0.057526 0.057796
2 0.591806 0.816926 0.012945 0.022907
1 0.823516 0.800556 0.028172 0.044907
2 0.287241 0.736616 0.012945 0.022907
2 0.182803 0.935234 0.018180 0.027116
2 0.468177 0.759970 0.015552 0.025301
2 0.690900 0.705528 0.012945 0.022907
