1 0.373145 0.046285 0.020741 0.031033
1 0.531567 0.152704 0.020768 0.032405
1 0.752366 0.087139 0.016836 0.026546
1 0.086809 0.098580 0.027584 0.044652
1 0.603094 0.145595 0.018637 0.033827
1 0.541081 0.205858 0.014124 0.023843
1 0.370147 0.153692 0.018420 0.028111
6 0.272627 0.295349 0.042929 0.174457
1 0.458870 0.190612 0.014080 0.022391
6 0.330078 0.111574 0.052865 0.166667
6 0.803255 0.141667 0.035677 0.125926
1 0.347065 0.190501 0.020351 0.031881
1 0.377841 0.297857 0.012379 0.020752
2 0.489502 0.912782 0.010717 0.016991
1 0.710883 0.018539 0.017389 0.027756
1 0.492642 0.276693 0.013421 0.026463
1 0.623931 0.111026 0.022136 0.031171
1 0.493923 0.051918 0.013845 0.024428
1 0.456895 0.044417 0.021346 0.031552
3 0.733594 0.325000 0.117708 0.111111
1 0.602800 0.964669 0.053686 0.070267
1 0.511972 0.086733 0.026260 0.036631
1 0.034988 0.225341 0.034666 0.043330
1 0.208329 0.490809 0.021522 0.036191
6 0.196224 0.800926 0.054948 0.208333
1 0.690919 0.195687 0.013703 0.023396
1 0.399211 0.152301 0.012694 0.021798
1 0.309847 0.100501 0.013421 0.024208
