8 0.151462 0.886740 0.036172 0.054822
1 0.774550 0.142865 0.023570 0.044426
1 0.659958 0.087389 0.025549 0.038070
1 0.484599 0.114862 0.019422 0.033382
1 0.500509 0.023732 0.024712 0.035110
1 0.308540 0.054318 0.018737 0.032020
1 0.528309 0.078103 0.021688 0.036428
1 0.337402 0.024527 0.022980 0.032894
1 0.845504 0.268584 0.049817 0.062523
1 0.419778 0.596639 0.051464 0.072535
1 0.479170 0.025243 0.015312 0.027286
1 0.294520 0.193062 0.021873 0.038595
1 0.348768 0.076972 0.019419 0.032008
1 0.561542 0.218710 0.014844 0.026246
1 0.590247 0.150117 0.016988 0.031121
1 0.751680 0.343934 0.023950 0.038812
1 0.294471 0.029926 0.012688 0.022953
1 0.095866 0.060851 0.028327 0.081977
1 0.637994 0.937308 0.035245 0.081788
1 0.258566 0.359112 0.014674 0.027762
