1 0.561822 0.139255 0.021671 0.031729
1 0.623753 0.142990 0.019955 0.037252
7 0.556641 0.757870 0.084635 0.106481
1 0.590943 0.202232 0.019486 0.032615
3 0.414647 0.240623 0.077840 0.077502
1 0.462333 0.351662 0.017361 0.029100
2 0.436466 0.493512 0.010994 0.018383
1 0.506224 0.092827 0.018578 0.031821
1 0.437494 0.592319 0.021091 0.037793
1 0.716616 0.296371 0.019664 0.033534
2 0.707841 0.461885 0.012608 0.022470
1 0.363258 0.386006 0.013410 0.023967
1 0.351272 0.201622 0.022066 0.034553
1 0.648629 0.256624 0.013938 0.026657
2 0.733539 0.859063 0.058174 0.086642
1 0.460059 0.354218 0.022995 0.037599
2 0.080229 0.852444 0.014568 0.025048
1 0.729048 0.335832 0.015577 0.027310
1 0.656246 0.082665 0.020206 0.033571
2 0.801880 0.856058 0.013934 0.023704
