1 0.367494 0.026103 0.024073 0.041626
1 0.639846 0.186133 0.018458 0.039784
1 0.732402 0.190177 0.027672 0.061181
1 0.604646 0.206693 0.022138 0.040333
1 0.259104 0.053266 0.020802 0.037809
1 0.352399 0.761650 0.030016 0.066330
1 0.395599 0.028950 0.019909 0.028412
1 0.791009 0.327594 0.020269 0.042527
1 0.672418 0.167065 0.020068 0.039450
1 0.187790 0.420209 0.024607 0.043335
1 0.357701 0.431290 0.020186 0.048752
1 0.268592 0.168365 0.019700 0.040841
1 0.521200 0.295281 0.023396 0.034775
1 0.733910 0.060073 0.032489 0.067730
1 0.104099 0.372300 0.033723 0.057571
1 0.446362 0.203657 0.017126 0.025538
1 0.815565 0.966580 0.045687 0.066820
1 0.582729 0.230831 0.023724 0.043806
1 0.849570 0.507410 0.024960 0.041273
1 0.614281 0.617760 0.052990 0.064085
1 0.221770 0.219003 0.019286 0.036340
