1 0.350339 0.330231 0.032927 0.064861
1 0.398893 0.638447 0.019583 0.033671
1 0.516243 0.627058 0.026440 0.034810
2 0.913960 0.466377 0.025831 0.035856
1 0.161365 0.696032 0.061089 0.079250
1 0.755194 0.038243 0.035659 0.058162
1 0.125491 0.570850 0.027201 0.027634
1 0.627794 0.490062 0.044260 0.047745
1 0.285471 0.739012 0.022776 0.043940
1 0.447544 0.882164 0.029146 0.047495
1 0.588280 0.089354 0.031044 0.048921
1 0.729764 0.194338 0.017487 0.055269
1 0.229747 0.201155 0.048609 0.060153
1 0.568802 0.455789 0.025318 0.041995
1 0.827887 0.168863 0.030117 0.069949
1 0.463259 0.020039 0.033898 0.040079
2 0.990613 0.280653 0.018049 0.032398
1 0.518822 0.161428 0.028102 0.040773
1 0.869176 0.124391 0.038862 0.070810
1 0.309814 0.654190 0.049138 0.076241
1 0.651424 0.046553 0.024083 0.049931
9 0.972431 0.561319 0.053195 0.086343
1 0.841488 0.399435 0.040805 0.049222
1 0.713736 0.065669 0.049544 0.107079
1 0.462259 0.391850 0.042534 0.050921
1 0.539708 0.407678 0.023802 0.036514
1 0.355421 0.315856 0.022107 0.039009
2 0.202790 0.775968 0.013258 0.021806
1 0.860775 0.459986 0.044331 0.061287
1 0.696215 0.182049 0.034492 0.045949
1 0.836874 0.230176 0.016029 0.026769
1 0.486163 0.245819 0.029617 0.040056
2 0.503250 0.915928 0.029281 0.048375
1 0.280445 0.918000 0.016516 0.043176
1 0.401155 0.887775 0.019914 0.032819
1 0.768206 0.585792 0.041557 0.064750
1 0.722721 0.459884 0.021859 0.045769
1 0.532217 0.473856 0.015227 0.029741
1 0.810885 0.090280 0.064120 0.063042
1 0.334111 0.295468 0.023138 0.047806
1 0.469259 0.164368 0.022154 0.040005
1 0.423014 0.790625 0.028659 0.049222
1 0.393875 0.293905 0.028026 0.036708
1 0.379297 0.494426 0.046146 0.061315
1 0.171395 0.270764 0.030602 0.049222
6 0.816746 0.828310 0.122185 0.343380
1 0.307904 0.293604 0.026922 0.061940
1 0.850475 0.548396 0.047117 0.056995
1 0.333475 0.409035 0.028284 0.041986
1 0.445470 0.948889 0.033424 0.079981
1 0.436807 0.061507 0.018562 0.030144
1 0.337764 0.718951 0.038862 0.050949
1 0.685258 0.644708 0.031891 0.042176
1 0.035384 0.203407 0.050034 0.049222
1 0.615699 0.064322 0.029648 0.043745
1 0.231116 0.017646 0.022029 0.035116
1 0.286518 0.365322 0.044203 0.079449
1 0.323921 0.144252 0.019914 0.037995
1 0.354042 0.403549 0.032156 0.046449
1 0.299452 0.208581 0.030674 0.061125
1 0.628658 0.260583 0.024815 0.040093
1 0.718107 0.248743 0.033031 0.050088
1 0.702563 0.367481 0.016516 0.028500
1 0.360103 0.876127 0.039841 0.133829
1 0.417745 0.265005 0.028604 0.031685
9 0.968833 0.450817 0.062333 0.093264
1 0.216964 0.330618 0.037656 0.065718
1 0.598613 0.360141 0.021372 0.037995
1 0.131943 0.277315 0.027979 0.045917
1 0.372771 0.806454 0.027651 0.041926
1 0.525595 0.342979 0.018138 0.029634
1 0.248629 0.843306 0.024773 0.059593
1 0.662361 0.219539 0.050060 0.068588
1 0.846832 0.616618 0.043716 0.055264
1 0.456637 0.199025 0.051909 0.044625
