1 0.629919 0.670951 0.030922 0.033125
2 0.776150 0.550958 0.012112 0.024593
2 0.505591 0.538861 0.014703 0.027000
2 0.556327 0.780583 0.019398 0.029759
1 0.681918 0.864458 0.039346 0.077722
9 0.279960 0.758241 0.079664 0.048361
3 0.043150 0.693447 0.084523 0.139588
1 0.403931 0.149847 0.048893 0.061759
2 0.638439 0.595856 0.010320 0.018361
2 0.070595 0.333333 0.019398 0.029759
1 0.097057 0.939299 0.134781 0.121403
2 0.760113 0.605458 0.010320 0.018361
1 0.442561 0.316303 0.030602 0.040190
2 0.060882 0.516407 0.019398 0.029759
1 0.718108 0.767741 0.017487 0.053537
2 0.698673 0.625218 0.010320 0.018361
2 0.131314 0.416236 0.019398 0.029759
2 0.517491 0.392049 0.029758 0.030440
2 0.227228 0.803995 0.013357 0.021935
