1 0.761426 0.531752 0.027560 0.042755
1 0.500547 0.529995 0.024948 0.029639
1 0.667104 0.703407 0.033031 0.042315
7 0.402363 0.242660 0.062086 0.063440
1 0.669878 0.499368 0.024443 0.037162
1 0.748947 0.343257 0.028982 0.039134
1 0.497734 0.383456 0.020276 0.028162
5 0.118546 0.327102 0.088951 0.067000
1 0.751615 0.935238 0.028490 0.086653
3 0.512146 0.278968 0.116583 0.093269
1 0.340970 0.393648 0.030034 0.035741
1 0.538374 0.645933 0.030440 0.050356
7 0.793634 0.212870 0.098513 0.086759
1 0.893951 0.431764 0.104286 0.069343
1 0.665332 0.214421 0.030154 0.039185
1 0.435400 0.095456 0.021372 0.038875
1 0.691021 0.271868 0.015870 0.034069
1 0.876816 0.638690 0.089544 0.102991
1 0.617138 0.635326 0.024557 0.037199
1 0.402935 0.891058 0.034281 0.047681
1 0.668938 0.080405 0.021490 0.033773
1 0.834211 0.468160 0.033854 0.052986
7 0.645842 0.333606 0.042430 0.057046
1 0.693943 0.321602 0.014896 0.026194
1 0.664424 0.309822 0.019297 0.030356
1 0.599099 0.564326 0.033365 0.049495
1 0.124672 0.546907 0.037578 0.047667
8 0.761862 0.016736 0.018203 0.026991
1 0.321001 0.551810 0.026070 0.055546
1 0.508400 0.062907 0.021586 0.041500
1 0.605171 0.870505 0.018945 0.039722
1 0.311928 0.624329 0.023044 0.035824
1 0.480815 0.956817 0.064932 0.076273
1 0.624310 0.133322 0.029036 0.040856
1 0.681814 0.947074 0.032768 0.049176
1 0.551320 0.191012 0.034495 0.039829
2 0.244039 0.774796 0.029833 0.055537
8 0.656366 0.825884 0.031461 0.048481
1 0.528165 0.337771 0.014497 0.024532
