1 0.376882 0.649444 0.046966 0.058324
1 0.685562 0.720676 0.014573 0.030222
1 0.457178 0.508762 0.041497 0.051995
1 0.319063 0.393819 0.013115 0.044907
1 0.328048 0.670157 0.017487 0.029361
1 0.295990 0.326032 0.054406 0.033676
1 0.447437 0.453007 0.015594 0.029394
1 0.573822 0.847130 0.033190 0.060000
1 0.571216 0.965021 0.019776 0.030773
1 0.412068 0.506611 0.020661 0.029204
3 0.491990 0.627414 0.132609 0.066495
1 0.542684 0.422859 0.019070 0.030106
1 0.292833 0.855824 0.023802 0.051815
1 0.546911 0.473185 0.017130 0.028093
6 0.499099 0.398155 0.109443 0.223940
1 0.610029 0.785875 0.023802 0.032815
3 0.747043 0.331676 0.128674 0.141000
1 0.829336 0.311752 0.026224 0.037144
1 0.466005 0.494113 0.023422 0.032569
1 0.337522 0.274650 0.018945 0.024181
