1 0.481801 0.478859 0.022253 0.033579
2 0.882279 0.569532 0.016536 0.034454
2 0.711302 0.559586 0.022370 0.038736
1 0.549053 0.113456 0.030102 0.045532
1 0.791452 0.287164 0.018451 0.035394
2 0.214624 0.716317 0.014570 0.026931
2 0.380754 0.252593 0.018956 0.027500
1 0.410779 0.274951 0.018562 0.032440
1 0.437585 0.279785 0.020174 0.032681
1 0.428128 0.230361 0.031755 0.047083
1 0.647005 0.333965 0.024818 0.033745
1 0.660066 0.924049 0.031586 0.062171
2 0.730484 0.579435 0.017990 0.028352
1 0.717423 0.361917 0.025612 0.039185
2 0.815500 0.668836 0.015094 0.032671
1 0.591792 0.346505 0.032135 0.034509
1 0.579598 0.341757 0.016466 0.027977
1 0.484660 0.280403 0.018701 0.031583
1 0.427143 0.934840 0.027203 0.054403
2 0.294191 0.495718 0.017966 0.027806
1 0.641328 0.199708 0.026365 0.040287
1 0.518988 0.345366 0.019727 0.032667
1 0.801900 0.813076 0.031576 0.054403
1 0.317133 0.175280 0.031339 0.041338
2 0.931000 0.554211 0.022370 0.038736
1 0.437697 0.097377 0.025482 0.038736
2 0.250809 0.685667 0.017966 0.027806
1 0.575240 0.383053 0.025609 0.034199
1 0.792044 0.177961 0.039979 0.048986
