8 0.115495 0.465509 0.038802 0.066204
1 0.616108 0.091036 0.030581 0.047182
5 0.798540 0.896410 0.122678 0.194793
1 0.343422 0.258539 0.019809 0.028551
1 0.737317 0.235632 0.017741 0.031763
3 0.527865 0.423633 0.215463 0.222131
1 0.502604 0.075463 0.020833 0.035185
1 0.178906 0.190509 0.082292 0.081944
1 0.727038 0.168027 0.020807 0.036267
1 0.360228 0.197367 0.029836 0.040295
1 0.314392 0.051705 0.024520 0.037784
1 0.281256 0.225231 0.023350 0.037683
1 0.429856 0.236684 0.022248 0.031369
1 0.423760 0.080159 0.018304 0.032025
7 0.481104 0.556099 0.043447 0.056591
1 0.208073 0.108796 0.036458 0.050000
1 0.533854 0.110880 0.020313 0.035648
1 0.667719 0.065304 0.015690 0.029597
1 0.427553 0.123038 0.017806 0.037353
1 0.239323 0.584259 0.033333 0.032407
1 0.206593 0.175144 0.015212 0.029134
8 0.624584 0.686193 0.023195 0.039548
8 0.988038 0.362742 0.021001 0.030206
1 0.633922 0.128081 0.015648 0.025853
1 0.600972 0.128603 0.015111 0.026059
1 0.429212 0.363507 0.020061 0.030022
1 0.378385 0.832639 0.027604 0.034722
1 0.554734 0.042982 0.017229 0.029411
1 0.937519 0.165109 0.031120 0.052590
1 0.696191 0.371110 0.025110 0.035144
1 0.277429 0.125654 0.013214 0.024462
6 0.329688 0.119444 0.060937 0.159259
1 0.701938 0.070129 0.017230 0.037818
6 0.355935 0.402369 0.031303 0.073812
1 0.417865 0.124431 0.034601 0.041051
1 0.295516 0.077478 0.015275 0.025269
