2 0.549401 0.747310 0.014146 0.022926
2 0.811368 0.579023 0.022784 0.038528
9 0.355828 0.442773 0.022250 0.054546
5 0.620957 0.836824 0.037888 0.051815
2 0.713629 0.524655 0.020836 0.029014
2 0.369818 0.883421 0.014922 0.024380
1 0.142306 0.329481 0.059503 0.074926
2 0.201263 0.752157 0.014922 0.024380
7 0.878400 0.241796 0.048951 0.054352
2 0.418393 0.767704 0.014922 0.024380
2 0.343867 0.790241 0.014922 0.024380
2 0.530544 0.617806 0.013682 0.020620
2 0.448023 0.841968 0.014922 0.024380
8 0.656543 0.058303 0.026779 0.044523
7 0.286204 0.460222 0.048951 0.054352
7 0.385414 0.798123 0.053880 0.074829
3 0.189121 0.538463 0.092299 0.109667
7 0.285484 0.855458 0.058474 0.074306
3 0.207826 0.449951 0.085979 0.069088
