1 0.24032161458333334281 0.51884259259259257746 0.02942447916666666996 0.03284259259259261765
2 0.42576822916666662300 0.44037500000000001643 0.02805729166666666788 0.02919444444444447076
2 0.32517578125000007327 0.52553472222222219479 0.02395052083333333928 0.02919907407407415154
7 0.05282031249999999400 0.21166666666666666963 0.08690625000000000433 0.07542592592592591016
2 0.67075000000000006839 0.30108101851851853947 0.03353124999999993611 0.03528240740740742204
2 0.23279296874999999556 0.65144675925925921156 0.02942447916666666996 0.03041203703703706379
2 0.08156119791666666119 0.69828240740740743497 0.03216406249999999994 0.04623148148148154002
2 0.43740104166666665675 0.60886805555555556513 0.02395312499999994668 0.03041203703703706379
9 0.60686197916666662078 0.34087962962962958802 0.03561979166666660174 0.12974074074074073981
9 0.16680859374999998379 0.19182870370370372348 0.03996614583333334136 0.10039814814814812527
