7 0.425345 0.395539 0.051742 0.053495
7 0.441421 0.422308 0.038779 0.041671
7 0.203021 0.318097 0.053969 0.069361
2 0.732681 0.810014 0.014586 0.023306
7 0.699719 0.337012 0.053526 0.058847
1 0.432480 0.636433 0.020221 0.051569
1 0.749307 0.628072 0.086083 0.085699
3 0.567859 0.425998 0.119089 0.115329
2 0.831768 0.787565 0.012630 0.026769
1 0.308368 0.862692 0.032378 0.064060
1 0.402336 0.743556 0.033839 0.072704
7 0.571310 0.604512 0.049672 0.059495
1 0.506786 0.705315 0.086281 0.153444
2 0.697701 0.825560 0.012630 0.026769
