2 0.845608 0.718039 0.015555 0.025773
1 0.923596 0.051646 0.037568 0.059523
1 0.544129 0.385157 0.037315 0.046167
1 0.600816 0.434419 0.022617 0.035282
2 0.635521 0.620903 0.018490 0.033565
1 0.974099 0.673567 0.033313 0.064625
1 0.589677 0.507380 0.022062 0.030389
2 0.278010 0.904137 0.015073 0.031819
2 0.162406 0.790144 0.018000 0.035269
1 0.656193 0.284843 0.025203 0.032000
1 0.494134 0.364491 0.023961 0.035935
1 0.794814 0.699590 0.042935 0.049116
1 0.614069 0.250414 0.038951 0.040856
1 0.604286 0.134116 0.021026 0.036852
2 0.802868 0.514685 0.018966 0.031833
2 0.518402 0.598861 0.010919 0.017204
1 0.337115 0.361100 0.058271 0.079282
2 0.312010 0.830734 0.018479 0.033532
