1 0.426581 0.310035 0.026505 0.040486
7 0.427517 0.179734 0.056758 0.066292
1 0.304733 0.357551 0.020404 0.031093
1 0.653017 0.709451 0.022346 0.033681
7 0.660298 0.457685 0.072461 0.079389
2 0.564848 0.969352 0.007284 0.015556
8 0.748225 0.212475 0.017487 0.024181
1 0.440048 0.811394 0.016346 0.034222
3 0.405767 0.596725 0.070440 0.081181
6 0.453734 0.653035 0.053656 0.232718
3 0.369096 0.288431 0.081130 0.094991
2 0.517491 0.861405 0.007779 0.017282
1 0.108004 0.522058 0.029143 0.030227
1 0.473621 0.458289 0.016169 0.025199
1 0.538525 0.832697 0.021232 0.028681
1 0.358845 0.569248 0.020784 0.027134
2 0.750647 0.686530 0.011659 0.018134
1 0.412813 0.852370 0.036432 0.039722
1 0.507504 0.301988 0.021221 0.031060
1 0.819145 0.313942 0.017487 0.031949
2 0.796309 0.592400 0.011659 0.018134
1 0.379783 0.520764 0.014086 0.029361
7 0.523599 0.754931 0.083531 0.102361
2 0.570436 0.600600 0.008737 0.018986
2 0.630181 0.945595 0.011659 0.018134
9 0.359866 0.426637 0.022831 0.056995
2 0.568005 0.512954 0.011656 0.018139
7 0.656659 0.553532 0.057411 0.096639
2 0.892001 0.828150 0.011659 0.018134
6 0.462284 0.814451 0.060250 0.202773
7 0.766658 0.531954 0.072461 0.079389
2 0.494904 0.769002 0.011182 0.022458
2 0.572382 0.864891 0.011659 0.018134
1 0.253243 0.666704 0.018461 0.036269
2 0.530121 0.880387 0.007779 0.015523
2 0.920660 0.827289 0.011659 0.018134
2 0.741905 0.772021 0.011659 0.018134
2 0.099987 0.725384 0.019922 0.023306
2 0.935479 0.611829 0.016042 0.024213
2 0.614637 0.990502 0.011659 0.018134
