6 0.058708 0.551618 0.079656 0.211162
1 0.858777 0.293116 0.052195 0.053574
1 0.308592 0.716317 0.020029 0.040625
1 0.411483 0.704949 0.016586 0.034685
6 0.290535 0.531266 0.040549 0.132736
1 0.474249 0.814317 0.039737 0.056125
9 0.754475 0.539394 0.265424 0.445750
1 0.538135 0.392958 0.009229 0.025907
2 0.603234 0.409352 0.032542 0.034537
2 0.652772 0.803542 0.015549 0.035417
6 0.379349 0.384322 0.122031 0.266412
1 0.502189 0.624380 0.020883 0.051796
2 0.621686 0.308329 0.034487 0.043176
1 0.172609 0.362301 0.027203 0.038861
1 0.510854 0.550407 0.021432 0.032028
2 0.871846 0.711144 0.019432 0.045769
2 0.585008 0.437824 0.032542 0.034537
6 0.738617 0.264748 0.117547 0.316718
1 0.432637 0.515183 0.018930 0.032931
1 0.414995 0.327299 0.022521 0.033310
1 0.325918 0.504123 0.018586 0.030773
1 0.290161 0.759106 0.012630 0.036269
1 0.484947 0.507377 0.019430 0.044042
1 0.433943 0.474993 0.026229 0.034542
6 0.419079 0.441729 0.092383 0.156986
2 0.631888 0.971493 0.023323 0.051792
1 0.642573 0.650296 0.025745 0.036269
6 0.433510 0.594215 0.034594 0.127681
2 0.479604 0.796208 0.012151 0.025889
1 0.454577 0.490620 0.016914 0.025204
2 0.341404 0.928310 0.016516 0.027639
6 0.542366 0.367780 0.047060 0.144162
1 0.365210 0.617484 0.033518 0.031088
1 0.387553 0.517308 0.050034 0.096718
8 0.431935 0.813002 0.025453 0.047792
1 0.405576 0.478831 0.020578 0.041394
8 0.764001 0.201648 0.016216 0.034852
1 0.539352 0.688299 0.028172 0.043171
1 0.550523 0.418000 0.010688 0.027630
1 0.408280 0.112505 0.025201 0.034222
