1 0.535035 0.615372 0.025954 0.048518
8 0.809423 0.217835 0.022723 0.047344
1 0.569129 0.184300 0.019417 0.036638
7 0.352604 0.293519 0.046354 0.061111
9 0.199078 0.360086 0.029464 0.088422
6 0.430111 0.770978 0.101067 0.307455
6 0.622786 0.525926 0.083594 0.237037
1 0.618462 0.668193 0.069640 0.075760
3 0.911025 0.791130 0.106577 0.111381
1 0.346603 0.953981 0.038697 0.071561
1 0.316276 0.358796 0.036198 0.045370
1 0.464902 0.487300 0.017679 0.029532
1 0.554087 0.458373 0.018271 0.030211
2 0.860745 0.484335 0.016812 0.027294
1 0.396472 0.597418 0.021890 0.037461
2 0.325174 0.894269 0.014169 0.024454
2 0.419416 0.959384 0.017188 0.031195
6 0.486416 0.456755 0.029999 0.092024
1 0.587174 0.590164 0.016720 0.033251
3 0.540690 0.102734 0.045726 0.062974
