3 0.793534 0.211317 0.092406 0.093653
2 0.524044 0.638597 0.011599 0.023546
3 0.744837 0.312817 0.111336 0.105597
2 0.349418 0.871708 0.016945 0.027870
2 0.042672 0.463722 0.033958 0.043398
2 0.245462 0.491792 0.012081 0.018361
2 0.137871 0.448190 0.011602 0.022694
2 0.640382 0.904574 0.016945 0.039093
2 0.553434 0.484889 0.012091 0.018370
2 0.584030 0.919250 0.008190 0.028722
3 0.639165 0.082894 0.072956 0.090037
2 0.559751 0.806553 0.011122 0.029579
2 0.210010 0.597139 0.011125 0.025259
2 0.380260 0.498264 0.010625 0.024398
2 0.319788 0.868729 0.012091 0.024394
2 0.170902 0.376512 0.015487 0.026144
2 0.910460 0.634713 0.016945 0.027870
2 0.464299 0.705958 0.008693 0.023546
2 0.452880 0.632134 0.011115 0.024435
7 0.321492 0.708155 0.058776 0.086356
2 0.133741 0.508206 0.011112 0.021829
2 0.574802 0.643350 0.010135 0.024412
2 0.595207 0.925729 0.012086 0.026134
