2 0.70849739583333337656 0.87062268518518526328 0.00983333333333339006 0.02796759259259263067
2 0.62851432291666664565 0.78262731481481473406 0.01508072916666662946 0.02681018518518522159
2 0.22696354166666665719 0.86537731481481483531 0.02229166666666667143 0.02913425925925929028
6 0.37774999999999997469 0.11712500000000000688 0.06293750000000002121 0.18298148148148149494
6 0.44167057291666661500 0.80418981481481477402 0.04392447916666662733 0.24009259259259255193
6 0.58721223958333335080 0.62936342592592586787 0.04392447916666668284 0.12354166666666661911
6 0.25351432291666670116 0.45920138888888889506 0.18160156250000000777 0.27039351851851856079
6 0.72295963541666663499 0.38735185185185189161 0.08738802083333326032 0.35828703703703707051
3 0.41872395833333336812 0.31817361111111108762 0.10423958333333332993 0.09556944444444447073
9 0.62884244791666665808 0.54253472222222220989 0.04720052083333333565 0.15967129629629628340
