1 0.582922 0.183885 0.021280 0.030326
6 0.306588 0.753938 0.096002 0.264044
1 0.307487 0.136597 0.018674 0.030524
1 0.494936 0.158344 0.016630 0.027606
1 0.643233 0.104842 0.016546 0.030143
1 0.145459 0.042086 0.019126 0.035095
9 0.458226 0.087855 0.054978 0.173202
1 0.244705 0.038677 0.027974 0.049747
6 0.828264 0.612893 0.060309 0.235188
1 0.598493 0.365769 0.024670 0.031030
1 0.570096 0.696408 0.018249 0.032571
1 0.387000 0.527094 0.026822 0.036867
1 0.418326 0.101934 0.021067 0.031762
1 0.332269 0.098960 0.017106 0.026270
1 0.423985 0.191308 0.021703 0.031423
1 0.429204 0.046723 0.018757 0.031370
1 0.663270 0.046547 0.015747 0.025503
1 0.693274 0.395029 0.038043 0.069020
1 0.346207 0.155694 0.016860 0.030754
6 0.925617 0.852061 0.082573 0.295878
1 0.098297 0.231311 0.027671 0.038406
1 0.533574 0.949353 0.032771 0.056015
1 0.766074 0.186279 0.017314 0.028382
1 0.328161 0.067576 0.020023 0.031663
6 0.457475 0.562495 0.031686 0.083663
1 0.554606 0.258653 0.021405 0.034109
1 0.297056 0.091063 0.020221 0.031893
1 0.681850 0.133256 0.013528 0.024423
1 0.436988 0.088180 0.015844 0.030503
1 0.204896 0.150029 0.022660 0.040532
1 0.872675 0.162276 0.028529 0.041731
1 0.468978 0.373165 0.013889 0.022651
1 0.317835 0.101477 0.012916 0.026803
1 0.627534 0.178646 0.019258 0.030322
1 0.687869 0.192290 0.020146 0.029806
1 0.658901 0.015769 0.022231 0.031537
1 0.604436 0.051108 0.012982 0.024780
