1 0.493143 0.200625 0.030748 0.043706
1 0.826683 0.719187 0.038269 0.070890
1 0.663949 0.076055 0.024172 0.038076
6 0.832018 0.134548 0.060799 0.194271
1 0.563935 0.091629 0.016444 0.029573
1 0.231268 0.126451 0.017230 0.031843
1 0.793714 0.485874 0.021461 0.038505
2 0.708587 0.691064 0.024194 0.039158
1 0.578469 0.120534 0.018071 0.029523
1 0.392728 0.175461 0.020817 0.030334
1 0.414183 0.062817 0.021068 0.044047
1 0.051207 0.131299 0.056452 0.061595
1 0.285331 0.217918 0.015693 0.027907
2 0.670005 0.373495 0.019405 0.028929
1 0.527137 0.089352 0.013093 0.021469
8 0.509528 0.651487 0.022999 0.053385
6 0.548748 0.467351 0.110740 0.210342
1 0.420659 0.101367 0.019051 0.027221
1 0.478677 0.425471 0.021547 0.030823
1 0.573148 0.828473 0.019602 0.047038
1 0.218963 0.910529 0.023382 0.042936
2 0.702349 0.422952 0.018311 0.027060
1 0.458226 0.124762 0.014172 0.024997
6 0.301190 0.888411 0.064734 0.175549
1 0.450677 0.245685 0.018485 0.028461
1 0.620983 0.499510 0.018880 0.029843
6 0.831345 0.141713 0.048903 0.159743
1 0.472890 0.589029 0.017902 0.026313
1 0.100427 0.059719 0.014984 0.028914
1 0.667711 0.137928 0.017383 0.029306
1 0.600515 0.507514 0.018684 0.031031
1 0.029097 0.033130 0.024931 0.048639
1 0.268387 0.098060 0.019663 0.029761
