1 0.522074 0.474451 0.030794 0.032449
1 0.383138 0.503655 0.024307 0.033014
3 0.475234 0.708546 0.044688 0.067352
1 0.473286 0.429227 0.016333 0.033250
1 0.380241 0.789535 0.027747 0.033958
1 0.639158 0.648315 0.021951 0.033361
1 0.387411 0.789074 0.014240 0.030556
3 0.895892 0.573873 0.110753 0.114856
2 0.662242 0.978410 0.009370 0.017032
1 0.305706 0.697600 0.018984 0.031264
2 0.337760 0.889465 0.009370 0.017032
2 0.283917 0.835738 0.009370 0.017032
3 0.861885 0.469778 0.110750 0.114852
6 0.945210 0.887153 0.109581 0.225694
1 0.651695 0.477650 0.021057 0.033431
1 0.597880 0.457081 0.016167 0.026949
2 0.682156 0.957688 0.009370 0.017032
2 0.658354 0.933507 0.009370 0.017032
2 0.500487 0.974095 0.009370 0.017032
1 0.576648 0.435924 0.018849 0.032338
2 0.815253 0.903280 0.009370 0.017032
2 0.493201 0.933507 0.009370 0.017032
2 0.112612 0.610542 0.016651 0.030861
1 0.520383 0.711648 0.020068 0.029815
2 0.803594 0.947322 0.009370 0.017032
1 0.314772 0.445498 0.027174 0.039560
2 0.509716 0.859238 0.009370 0.017032
2 0.721990 0.753887 0.009370 0.017032
3 0.873543 0.373921 0.110753 0.114852
2 0.655440 0.971502 0.009370 0.017032
3 0.864314 0.263387 0.110753 0.114856
1 0.654039 0.770308 0.040380 0.049819
2 0.286755 0.896373 0.009370 0.017032
