6 0.515722 0.486419 0.170639 0.422378
1 0.121786 0.064615 0.044077 0.070203
6 0.709035 0.563184 0.159994 0.423642
6 0.674308 0.089887 0.070552 0.179775
1 0.591919 0.542208 0.019502 0.035934
1 0.395965 0.032856 0.021306 0.033826
1 0.362841 0.066199 0.019366 0.030086
1 0.511746 0.122956 0.024375 0.051313
6 0.934679 0.471214 0.063554 0.181586
1 0.453490 0.037857 0.013824 0.023601
1 0.873494 0.056968 0.024650 0.046894
1 0.477352 0.019813 0.024954 0.037421
1 0.286439 0.054198 0.019175 0.032674
1 0.256868 0.707226 0.021149 0.041732
1 0.464130 0.246682 0.019833 0.030275
6 0.383292 0.204862 0.038817 0.080732
1 0.347313 0.151487 0.021665 0.046912
1 0.476100 0.158466 0.016282 0.024478
1 0.279191 0.202755 0.021525 0.030599
1 0.329059 0.162573 0.018560 0.039437
1 0.136041 0.225618 0.027110 0.037336
1 0.601366 0.039875 0.016364 0.034050
1 0.842634 0.170743 0.023203 0.041234
1 0.367521 0.286885 0.019756 0.034044
1 0.303295 0.119326 0.020940 0.032550
1 0.721966 0.199872 0.019838 0.032073
1 0.274488 0.280191 0.017384 0.027333
1 0.339598 0.101016 0.022268 0.033971
1 0.530880 0.172304 0.032114 0.061733
1 0.441089 0.210313 0.024448 0.041255
6 0.870055 0.316126 0.104855 0.279361
