3 0.330225 0.466326 0.058768 0.058736
2 0.735108 0.955090 0.010617 0.015995
2 0.548576 0.832472 0.012552 0.019454
1 0.474732 0.814812 0.018568 0.024995
2 0.399995 0.901185 0.012552 0.019454
2 0.466479 0.756910 0.008656 0.018588
2 0.433453 0.552676 0.012552 0.019454
3 0.272184 0.669255 0.052461 0.063898
1 0.903542 0.844030 0.094271 0.175282
2 0.558529 0.808727 0.014974 0.025509
2 0.264411 0.760796 0.012552 0.019454
2 0.483484 0.453370 0.012552 0.019454
7 0.734707 0.232975 0.057102 0.062523
2 0.502374 0.891280 0.014706 0.022051
2 0.250079 0.867870 0.011091 0.019444
1 0.690421 0.767741 0.019430 0.039722
3 0.702077 0.418000 0.052461 0.051815
2 0.443654 0.991683 0.012552 0.016634
6 0.906578 0.702984 0.090349 0.165782
2 0.256154 0.790157 0.012552 0.019454
