1 0.455538 0.060633 0.022660 0.035599
1 0.850672 0.793608 0.037785 0.074881
1 0.381279 0.122531 0.026678 0.038548
1 0.216556 0.064901 0.024811 0.039901
1 0.531542 0.037154 0.020374 0.027817
6 0.259991 0.292145 0.052096 0.101688
1 0.191938 0.056293 0.018452 0.030607
6 0.949609 0.127315 0.087240 0.233333
1 0.595674 0.078534 0.018101 0.034518
6 0.668165 0.778652 0.052050 0.150797
6 0.724040 0.595890 0.051546 0.159343
1 0.693980 0.028426 0.021473 0.033340
1 0.322758 0.567832 0.020213 0.034387
6 0.869843 0.262154 0.071352 0.196503
1 0.540256 0.305158 0.022504 0.034090
1 0.822097 0.575315 0.027333 0.047279
2 0.733158 0.756632 0.027423 0.040593
9 0.543184 0.697201 0.021059 0.052560
1 0.473567 0.056692 0.015889 0.028344
1 0.090978 0.072132 0.024599 0.049349
2 0.729021 0.514144 0.015371 0.023923
1 0.697934 0.207102 0.020319 0.029309
1 0.910918 0.043095 0.029786 0.048087
6 0.816460 0.727202 0.091894 0.209246
2 0.700056 0.467301 0.015976 0.025485
6 0.677097 0.183982 0.038478 0.081223
1 0.112594 0.091673 0.022772 0.038470
1 0.409382 0.308651 0.013635 0.023969
6 0.402813 0.056689 0.048099 0.102378
1 0.339452 0.023541 0.013134 0.023119
1 0.335998 0.069006 0.020944 0.029022
6 0.494964 0.101656 0.034503 0.077178
1 0.542464 0.096526 0.014778 0.025199
1 0.521389 0.497582 0.022072 0.030538
1 0.262046 0.014672 0.020341 0.029344
1 0.564136 0.126791 0.019032 0.028422
1 0.430902 0.150546 0.023674 0.030251
6 0.403344 0.052901 0.036254 0.093037
1 0.128595 0.049551 0.019821 0.043866
1 0.562788 0.059437 0.017485 0.026386
1 0.441233 0.120310 0.015540 0.027365
1 0.395433 0.205471 0.015960 0.025000
1 0.294312 0.175386 0.013135 0.024764
6 0.635108 0.514756 0.041226 0.202334
1 0.612903 0.117294 0.015104 0.023109
1 0.410256 0.088119 0.015221 0.027728
6 0.381384 0.795504 0.032024 0.098910
1 0.555436 0.547442 0.019705 0.025570
6 0.174545 0.456963 0.039326 0.106969
1 0.159256 0.541739 0.030560 0.062016
1 0.318484 0.237928 0.014526 0.025943
1 0.055840 0.087191 0.027517 0.043278
1 0.211786 0.031355 0.017662 0.030645
1 0.674870 0.218301 0.014822 0.023877
1 0.535627 0.152381 0.014874 0.026187
1 0.498131 0.339681 0.018293 0.027097
1 0.431584 0.037206 0.020870 0.029915
1 0.591790 0.479030 0.026369 0.035289
