1 0.642087 0.836826 0.018945 0.048356
3 0.216812 0.637775 0.109781 0.114856
2 0.605405 0.863549 0.012628 0.023551
2 0.418400 0.574266 0.016534 0.032208
1 0.499854 0.439988 0.027516 0.035032
6 0.645583 0.266252 0.053250 0.165329
2 0.816225 0.592403 0.018466 0.027028
1 0.517383 0.233428 0.030286 0.043162
1 0.410602 0.370928 0.026464 0.032005
1 0.679491 0.537604 0.017003 0.021588
2 0.715697 0.703891 0.024841 0.039449
1 0.445970 0.105579 0.019523 0.037981
1 0.522255 0.415637 0.014807 0.025986
2 0.715543 0.454144 0.018466 0.027028
2 0.208798 0.843704 0.013133 0.027037
1 0.526513 0.516451 0.023932 0.029162
1 0.828310 0.737368 0.035599 0.065023
1 0.593367 0.213991 0.023255 0.035287
2 0.682642 0.408463 0.018466 0.027028
1 0.290251 0.516988 0.017930 0.036903
6 0.588116 0.469039 0.107799 0.227866
2 0.289423 0.573410 0.015060 0.025310
1 0.593602 0.168991 0.030818 0.036898
1 0.476113 0.276544 0.021169 0.030782
1 0.841730 0.227586 0.041289 0.080310
1 0.346439 0.038690 0.031492 0.045769
