2 0.601522 0.761660 0.011831 0.018606
2 0.756482 0.898535 0.009901 0.017745
3 0.697275 0.173363 0.048747 0.046523
2 0.793395 0.905012 0.011831 0.018606
1 0.472766 0.605887 0.027797 0.038523
2 0.750651 0.878248 0.009896 0.015171
6 0.462004 0.528229 0.036477 0.161681
3 0.804811 0.566065 0.201419 0.093981
2 0.692358 0.794475 0.011831 0.018606
2 0.637469 0.812600 0.011833 0.013412
2 0.131562 0.722789 0.011354 0.018588
2 0.824965 0.816058 0.010852 0.016866
2 0.763277 0.868738 0.011831 0.018606
2 0.843911 0.751289 0.009885 0.016866
2 0.700129 0.814336 0.011831 0.018606
3 0.569944 0.486185 0.051310 0.060315
8 0.466872 0.646956 0.044979 0.065458
2 0.709358 0.798794 0.011831 0.018606
3 0.365565 0.534646 0.095036 0.096579
2 0.218747 0.611836 0.011828 0.019477
2 0.130348 0.770287 0.010867 0.018593
2 0.247673 0.898016 0.011831 0.018606
2 0.815983 0.815192 0.008424 0.018597
7 0.776884 0.421454 0.039831 0.051815
2 0.748704 0.892053 0.011831 0.018606
6 0.429669 0.135833 0.060328 0.192352
9 0.518586 0.437347 0.019458 0.061083
2 0.357915 0.834192 0.010367 0.020319
