1 0.758906 0.515551 0.022552 0.030287
2 0.714072 0.745505 0.010956 0.019324
1 0.443220 0.401826 0.025195 0.029949
1 0.973855 0.592870 0.034487 0.040583
2 0.903665 0.702933 0.012148 0.020708
6 0.753324 0.122664 0.030602 0.093264
3 0.450452 0.164074 0.073732 0.067593
2 0.845371 0.715447 0.013112 0.033644
2 0.412561 0.651991 0.016023 0.024167
2 0.614151 0.532815 0.016021 0.024167
2 0.945195 0.399398 0.012630 0.021574
2 0.968026 0.483602 0.014573 0.024185
2 0.420331 0.544475 0.011161 0.019847
2 0.853875 0.552683 0.013604 0.029356
1 0.832503 0.300123 0.019917 0.047495
1 0.693622 0.574769 0.025526 0.038120
2 0.943971 0.849741 0.013099 0.025889
2 0.503638 0.772014 0.009703 0.015509
3 0.186372 0.354271 0.165057 0.143588
2 0.859451 0.710701 0.011151 0.024153
2 0.118681 0.765977 0.016023 0.029343
2 0.283355 0.962868 0.016023 0.024162
2 0.374185 0.563912 0.008245 0.017269
2 0.158281 0.690856 0.013594 0.020694
1 0.017654 0.646400 0.013599 0.042292
2 0.630424 0.373912 0.011651 0.020694
1 0.609077 0.543100 0.029044 0.037542
2 0.857517 0.318664 0.012154 0.020727
1 0.573247 0.688963 0.027406 0.045815
2 0.439043 0.608836 0.018945 0.032792
1 0.661651 0.321407 0.023016 0.043352
2 0.881078 0.706391 0.012635 0.024162
2 0.544685 0.723653 0.009224 0.017231
1 0.045341 0.647271 0.025255 0.037134
1 0.682163 0.485787 0.021372 0.045769
2 0.663698 0.482729 0.016021 0.024162
