8 0.641462 0.040136 0.032706 0.056025
1 0.427648 0.068353 0.023326 0.040105
1 0.365428 0.251202 0.023110 0.051691
1 0.576556 0.301217 0.017944 0.030572
3 0.557999 0.397756 0.066377 0.068124
1 0.409135 0.116653 0.015623 0.026028
1 0.504151 0.189634 0.029846 0.046438
1 0.425698 0.275243 0.027626 0.048018
1 0.417305 0.157627 0.018886 0.034655
3 0.572786 0.072222 0.119531 0.144444
1 0.354866 0.416401 0.023939 0.040418
1 0.408015 0.331373 0.022563 0.045742
1 0.474019 0.356889 0.017488 0.031759
1 0.696831 0.928342 0.045556 0.080970
1 0.338161 0.481788 0.019352 0.035043
2 0.747012 0.663918 0.023028 0.039010
1 0.484946 0.277740 0.015533 0.027847
6 0.374174 0.367575 0.046777 0.134788
