3 0.869116 0.298047 0.102440 0.115688
7 0.435547 0.745833 0.059635 0.090741
3 0.192162 0.332951 0.090012 0.089414
6 0.425000 0.482639 0.039583 0.118056
2 0.637440 0.696379 0.011727 0.020031
6 0.237906 0.658270 0.036057 0.108318
6 0.468517 0.579292 0.027790 0.059450
6 0.518235 0.456766 0.021206 0.070942
1 0.530490 0.222610 0.014820 0.024552
1 0.491507 0.610164 0.017875 0.027438
6 0.534718 0.290324 0.024341 0.074363
1 0.441245 0.323124 0.013273 0.027681
1 0.503292 0.724223 0.017668 0.028279
1 0.511072 0.308268 0.015376 0.026442
