1 0.566980 0.379303 0.017628 0.029412
2 0.800225 0.974718 0.023039 0.048046
1 0.733651 0.436134 0.018458 0.022454
1 0.315419 0.963769 0.018458 0.031093
2 0.510690 0.406736 0.013099 0.021620
2 0.807000 0.679227 0.018458 0.033676
2 0.573102 0.726257 0.017964 0.028505
1 0.943496 0.425623 0.051987 0.066866
1 0.261680 0.770333 0.045630 0.052972
6 0.716126 0.102148 0.148805 0.202704
2 0.317596 0.847146 0.014078 0.028486
2 0.942617 0.861528 0.026745 0.045370
2 0.551982 0.472359 0.010203 0.021579
1 0.174066 0.512127 0.015544 0.020727
6 0.587882 0.323389 0.047185 0.112759
8 0.979173 0.319174 0.041206 0.104819
6 0.888491 0.208787 0.149711 0.365380
1 0.458216 0.390785 0.020250 0.031569
1 0.245471 0.500470 0.030115 0.030227
