7 0.527879 0.453731 0.050909 0.053065
2 0.363314 0.621236 0.012992 0.024269
2 0.284482 0.606588 0.014240 0.022602
2 0.579319 0.612264 0.009576 0.016574
1 0.474788 0.266403 0.022956 0.031889
1 0.495383 0.172961 0.030120 0.043782
2 0.327152 0.608456 0.015315 0.028310
1 0.914352 0.702542 0.020401 0.063037
2 0.174326 0.500755 0.017151 0.027157
1 0.341402 0.366590 0.031086 0.033301
3 0.682891 0.309623 0.074318 0.088949
2 0.590832 0.590676 0.008596 0.014852
2 0.397986 0.871329 0.007622 0.014843
1 0.593750 0.263822 0.023802 0.059208
7 0.498301 0.253451 0.033971 0.046060
2 0.155310 0.806794 0.014995 0.026162
2 0.603956 0.597579 0.006672 0.009657
5 0.817745 0.336465 0.042479 0.035125
1 0.538341 0.122616 0.017797 0.034046
2 0.345276 0.777361 0.013776 0.025361
2 0.367389 0.873921 0.009576 0.016574
7 0.028687 0.197565 0.057375 0.101981
2 0.200534 0.413646 0.011536 0.013912
1 0.576292 0.285968 0.023802 0.039333
2 0.355701 0.797764 0.013391 0.022315
7 0.266389 0.657255 0.052893 0.066574
7 0.789505 0.546208 0.047083 0.065083
1 0.604799 0.443525 0.033115 0.040486
2 0.687016 0.847155 0.007635 0.014856
1 0.885206 0.751333 0.028172 0.048361
2 0.387796 0.622627 0.007169 0.013912
7 0.254893 0.147377 0.056802 0.069384
2 0.714370 0.473778 0.012479 0.020380
2 0.046553 0.924016 0.013471 0.024282
1 0.624439 0.268928 0.041112 0.070644
2 0.468665 0.920535 0.015096 0.026005
3 0.373210 0.033322 0.074362 0.066644
