5 0.081651 0.829838 0.076615 0.088343
7 0.422126 0.832252 0.032622 0.044616
2 0.280880 0.873359 0.011526 0.020181
2 0.659635 0.619995 0.010135 0.017880
2 0.517805 0.701914 0.011833 0.022162
2 0.398229 0.940419 0.007500 0.015088
2 0.888384 0.962435 0.016076 0.026019
7 0.868688 0.542736 0.043042 0.055546
2 0.788708 0.842039 0.013172 0.021579
2 0.593490 0.955164 0.011885 0.020264
1 0.899449 0.697998 0.066966 0.101625
1 0.645488 0.436523 0.026992 0.052694
2 0.587784 0.674928 0.011792 0.018625
1 0.226770 0.615278 0.019742 0.033519
1 0.922602 0.765102 0.031984 0.044611
2 0.613832 0.660204 0.011477 0.018380
2 0.443811 0.836308 0.011190 0.017718
1 0.376570 0.442361 0.024104 0.043028
2 0.627169 0.946155 0.012005 0.018421
2 0.855327 0.925308 0.010128 0.015032
1 0.732430 0.577718 0.022120 0.034565
1 0.944467 0.359613 0.052727 0.081199
7 0.419128 0.573829 0.038672 0.048639
7 0.466458 0.487738 0.038177 0.044338
2 0.493758 0.463197 0.011583 0.017616
1 0.511365 0.899711 0.030802 0.047319
2 0.413055 0.940859 0.008005 0.015968
3 0.459784 0.107572 0.105661 0.093301
3 0.096900 0.656083 0.104982 0.112213
7 0.543474 0.657169 0.037688 0.058162
1 0.577212 0.216120 0.043159 0.065454
2 0.841721 0.968486 0.008172 0.018491
1 0.216561 0.883000 0.018753 0.049093
1 0.715427 0.561306 0.022115 0.036278
