7 0.776096 0.459241 0.057292 0.080583
2 0.761339 0.828579 0.027010 0.048120
7 0.433004 0.249118 0.046383 0.056894
7 0.409105 0.056347 0.034398 0.045898
7 0.614763 0.278021 0.050354 0.057810
7 0.369591 0.253056 0.044302 0.055870
7 0.409181 0.300454 0.058591 0.061991
2 0.240609 0.773750 0.018260 0.028269
2 0.439966 0.539583 0.018260 0.028269
7 0.498353 0.360961 0.038148 0.046282
7 0.297927 0.372194 0.054286 0.066944
7 0.691003 0.698694 0.039953 0.052593
7 0.284326 0.296199 0.054286 0.066944
8 0.785440 0.310632 0.017099 0.031023
7 0.713033 0.232211 0.042253 0.047069
7 0.164159 0.457870 0.054286 0.066944
9 0.862596 0.041981 0.021089 0.052713
7 0.366977 0.140903 0.040859 0.048417
7 0.617474 0.337333 0.050224 0.062537
1 0.263557 0.911970 0.055104 0.080699
