9 0.459565 0.847097 0.065624 0.165073
9 0.392236 0.143116 0.024886 0.059372
3 0.816251 0.762512 0.176104 0.173593
1 0.462715 0.167315 0.049187 0.061240
7 0.294724 0.955873 0.071561 0.086606
9 0.809338 0.387487 0.023133 0.048792
1 0.482923 0.741388 0.018564 0.031894
1 0.494901 0.389164 0.019076 0.030296
1 0.398102 0.778140 0.014241 0.028733
3 0.749230 0.372090 0.041380 0.044056
2 0.752441 0.871128 0.012265 0.019949
1 0.359198 0.410572 0.059313 0.110042
3 0.866065 0.249045 0.071094 0.059981
7 0.538230 0.775985 0.034173 0.046367
1 0.329373 0.564970 0.016708 0.027070
1 0.124103 0.391112 0.051947 0.063385
1 0.669950 0.244217 0.038097 0.065216
3 0.037069 0.579219 0.074138 0.119112
1 0.262224 0.582659 0.038906 0.049699
1 0.300393 0.400216 0.020580 0.029642
1 0.645394 0.327954 0.015458 0.028282
2 0.230327 0.816958 0.013571 0.021595
1 0.651747 0.960203 0.014849 0.024286
1 0.352366 0.628797 0.025132 0.053529
1 0.142971 0.141410 0.025950 0.050924
