7 0.261251 0.273759 0.059008 0.071463
7 0.792600 0.425259 0.050018 0.066917
7 0.396810 0.423532 0.047839 0.055898
2 0.685591 0.948329 0.014849 0.026259
7 0.320135 0.363359 0.060766 0.084356
7 0.578452 0.564762 0.058044 0.067977
2 0.589169 0.221785 0.013807 0.022921
7 0.742146 0.784532 0.057062 0.065380
7 0.395318 0.490931 0.067750 0.061935
7 0.622896 0.476685 0.047839 0.055898
1 0.390467 0.625685 0.037404 0.066491
2 0.399098 0.909280 0.019794 0.031523
8 0.601770 0.057896 0.028659 0.039727
7 0.204355 0.225507 0.048289 0.058986
2 0.428379 0.882509 0.015138 0.027398
7 0.558780 0.297734 0.052060 0.069097
