9 0.850177 0.387437 0.039642 0.055849
9 0.901004 0.208012 0.048928 0.149324
1 0.810011 0.309357 0.050512 0.073951
9 0.438720 0.623207 0.066933 0.152349
1 0.171499 0.670775 0.046495 0.076005
8 0.341576 0.959261 0.030526 0.059893
1 0.344889 0.536281 0.022903 0.042656
1 0.271922 0.382041 0.044439 0.063873
1 0.703245 0.747511 0.024814 0.041874
1 0.377239 0.641406 0.025360 0.040389
1 0.063989 0.884739 0.053923 0.089732
1 0.660789 0.534526 0.023123 0.042820
8 0.581945 0.650243 0.017985 0.031427
9 0.481996 0.646753 0.025042 0.086720
1 0.547051 0.591794 0.016614 0.033036
1 0.617219 0.671503 0.020722 0.036252
9 0.507639 0.665501 0.036459 0.060066
7 0.650661 0.791971 0.052840 0.065893
