1 0.286940 0.584849 0.037960 0.058309
1 0.542398 0.708434 0.033764 0.056496
7 0.743760 0.678554 0.039483 0.062846
1 0.420336 0.326497 0.024921 0.045863
2 0.419592 0.747539 0.015879 0.026303
7 0.373514 0.859272 0.038342 0.061200
1 0.212584 0.255622 0.029813 0.054845
1 0.434907 0.669148 0.032347 0.049559
2 0.538813 0.871296 0.013660 0.024545
7 0.701783 0.779708 0.030460 0.049412
2 0.875584 0.944119 0.018939 0.031069
2 0.422161 0.904015 0.017144 0.029858
1 0.888336 0.281610 0.023775 0.049941
1 0.581649 0.624461 0.022911 0.047310
1 0.531291 0.650428 0.022823 0.044577
1 0.366353 0.250681 0.026391 0.046651
7 0.772927 0.368314 0.071153 0.085644
9 0.448506 0.081646 0.030606 0.056840
2 0.423913 0.982117 0.013709 0.023319
1 0.280667 0.037254 0.023709 0.042558
1 0.330469 0.573843 0.027083 0.050463
1 0.604544 0.778242 0.034715 0.060450
1 0.601255 0.705121 0.022498 0.042586
1 0.714150 0.232776 0.023997 0.045509
9 0.558554 0.186261 0.021731 0.049479
1 0.607091 0.195412 0.052132 0.068336
1 0.558112 0.184533 0.021613 0.045359
1 0.623362 0.559911 0.021453 0.035290
8 0.448136 0.084020 0.029266 0.056748
1 0.220218 0.356121 0.025819 0.038252
2 0.658965 0.655868 0.010759 0.020753
9 0.568334 0.129554 0.045235 0.061775
