1 0.33433723958333333437 0.75532175925925926219 0.03722656249999995587 0.08118981481481486739
1 0.62197005208333322468 0.50698148148148147740 0.01841927083333333784 0.03070370370370367405
1 0.60604427083333334281 0.40054861111111106364 0.01419791666666666251 0.02524537037037041104
2 0.70911848958333334458 0.82094212962962964664 0.01462760416666668631 0.02245833333333333015
2 0.34043619791666668295 0.69978240740740738079 0.01529427083333333853 0.02127777777777779475
2 0.77361458333333332771 0.80852777777777784518 0.01728645833333336199 0.02127777777777779475
2 0.73239192708333333837 0.86704166666666659946 0.01861718750000006251 0.02482407407407402275
8 0.94050260416666664476 0.55557407407407410904 0.02127604166666673818 0.04255555555555558950
9 0.54223177083333340409 0.57862268518518522598 0.05452083333333331006 0.14775462962962968017
8 0.21008333333333334414 0.20031481481481480666 0.01668750000000001135 0.02730555555555556554
9 0.19050260416666667251 0.18678703703703705696 0.03590625000000000067 0.09457407407407408817
9 0.58345442708333339343 0.43914583333333334636 0.04654427083333333853 0.06737500000000004596
