1 0.63533463541666679308 0.49326620370370366508 0.03128906250000002692 0.05811574074074072477
1 0.44409114583333331172 0.16905324074074074003 0.01681249999999998718 0.04400462962962963659
2 0.57042057291666670160 0.60078240740740740389 0.01074218750000000000 0.01577777777777774476
7 0.70188541666666659502 0.42228009259259258190 0.05043749999999995459 0.06558796296296300066
2 0.62039062500000008438 0.88846296296296289885 0.01728125000000003270 0.02656481481481475990
2 0.64397526041666663943 0.94657870370370378321 0.01587760416666661456 0.02490740740740749262
2 0.34438411458333334503 0.81083564814814812483 0.01074218750000000000 0.02075462962962959512
2 0.50340234375000003642 0.77513425925925927285 0.01774739583333335632 0.02574074074074069948
2 0.68997526041666668029 0.76060416666666663676 0.01354427083333339075 0.02324537037037038845
2 0.58116145833333332504 0.97273379629629630472 0.02008333333333330376 0.03569907407407392486
2 0.87164453124999996536 0.76558564814814811239 0.03128906250000002692 0.03320833333333333970
