1 0.684903 0.097827 0.023215 0.042973
1 0.571584 0.033025 0.018733 0.033397
1 0.370086 0.174888 0.018568 0.035267
1 0.605796 0.179082 0.019518 0.035161
1 0.581315 0.095985 0.020504 0.034134
1 0.703984 0.404688 0.016370 0.029506
2 0.631667 0.815135 0.013092 0.020952
2 0.725143 0.836204 0.013693 0.022207
7 0.346224 0.522454 0.059115 0.091204
1 0.793607 0.677223 0.028138 0.037094
2 0.835399 0.745096 0.013714 0.022298
1 0.300514 0.275498 0.013140 0.022545
2 0.907911 0.972520 0.018042 0.027948
1 0.399673 0.704110 0.015978 0.034845
2 0.192657 0.538385 0.013675 0.022036
1 0.555951 0.094445 0.014858 0.026266
1 0.220901 0.291351 0.029823 0.037387
1 0.344857 0.225124 0.015067 0.024611
1 0.629976 0.120353 0.017287 0.030240
2 0.164829 0.890544 0.018136 0.028995
2 0.907801 0.971443 0.021683 0.034593
1 0.252135 0.094431 0.020405 0.035643
7 0.282292 0.645370 0.056771 0.063889
1 0.559316 0.312479 0.012655 0.023819
9 0.381833 0.686107 0.021138 0.044222
1 0.559191 0.175452 0.014744 0.024711
7 0.252214 0.439583 0.059115 0.070833
2 0.903631 0.832283 0.012661 0.021642
1 0.155207 0.419977 0.025821 0.037041
2 0.731353 0.756983 0.011433 0.020010
3 0.660185 0.300289 0.068814 0.063956
1 0.878142 0.154335 0.023410 0.037664
1 0.153221 0.564177 0.017710 0.034577
1 0.642823 0.458958 0.012993 0.023363
1 0.305974 0.598866 0.016845 0.034503
1 0.574944 0.244855 0.012495 0.021900
1 0.720878 0.205347 0.015367 0.025319
2 0.899562 0.814681 0.011302 0.020816
1 0.265809 0.740338 0.015964 0.028839
2 0.755065 0.508107 0.012151 0.019618
1 0.585173 0.128470 0.023531 0.036237
1 0.344609 0.102345 0.017793 0.030552
1 0.603183 0.320047 0.014112 0.027171
3 0.791927 0.292824 0.104167 0.122685
3 0.235286 0.179398 0.092448 0.089352
1 0.565153 0.373888 0.013464 0.028538
1 0.736478 0.622203 0.015251 0.027142
1 0.675642 0.485422 0.025387 0.039875
