1 0.259118 0.201772 0.023747 0.046954
2 0.667061 0.970472 0.016296 0.026506
1 0.661622 0.096252 0.034339 0.066364
2 0.634921 0.826532 0.013377 0.020498
9 0.341643 0.095658 0.075077 0.187838
1 0.483541 0.220535 0.022786 0.047024
2 0.742992 0.925602 0.013803 0.023835
1 0.327865 0.263113 0.030055 0.056411
1 0.143883 0.268786 0.071002 0.097484
0 0.222242 0.235921 0.028918 0.047497
2 0.896965 0.983931 0.018368 0.027590
1 0.488472 0.584771 0.026724 0.051671
1 0.119218 0.527274 0.057142 0.097765
1 0.704426 0.079761 0.032362 0.060816
9 0.631460 0.028182 0.033597 0.056364
1 0.547988 0.217971 0.019872 0.038900
1 0.492215 0.295464 0.025432 0.047729
2 0.284311 0.905136 0.018731 0.027689
1 0.603646 0.100114 0.018122 0.038647
1 0.568037 0.214596 0.022184 0.045579
1 0.509747 0.211359 0.030480 0.053752
