9 0.874701 0.144494 0.042579 0.084670
7 0.414275 0.410426 0.034287 0.045794
3 0.210889 0.446623 0.113527 0.141251
2 0.540725 0.652042 0.010457 0.018670
1 0.600374 0.390042 0.019785 0.034282
2 0.489057 0.637059 0.010845 0.018488
2 0.607838 0.589256 0.010801 0.018231
1 0.557038 0.444817 0.016756 0.029802
2 0.508636 0.845094 0.011144 0.020000
1 0.429843 0.742845 0.057387 0.090125
2 0.642681 0.970248 0.012838 0.022073
1 0.656142 0.162700 0.028740 0.049899
7 0.297919 0.628219 0.047107 0.054778
2 0.729425 0.704683 0.014997 0.025502
1 0.590808 0.819127 0.023237 0.040721
9 0.605326 0.255080 0.087942 0.167313
1 0.523199 0.183151 0.015736 0.031205
8 0.604277 0.252551 0.087911 0.172153
2 0.551094 0.527477 0.010756 0.018175
7 0.510324 0.399060 0.033576 0.045254
1 0.842749 0.196651 0.041004 0.081300
7 0.172710 0.698255 0.050101 0.070101
1 0.612146 0.445121 0.017758 0.031916
