7 0.251344 0.675509 0.033054 0.049937
1 0.523910 0.610575 0.018102 0.032398
3 0.956401 0.359446 0.087197 0.124282
1 0.637019 0.983627 0.020489 0.032745
2 0.426679 0.609187 0.012400 0.021086
2 0.484763 0.918288 0.011321 0.019248
1 0.425493 0.515679 0.017745 0.030748
7 0.614714 0.443519 0.032552 0.040741
1 0.205370 0.815471 0.022148 0.056697
1 0.581730 0.745305 0.015711 0.027037
1 0.550158 0.689028 0.020261 0.035737
1 0.644647 0.837529 0.022959 0.037574
1 0.432161 0.800862 0.018416 0.031084
2 0.613675 0.660456 0.012107 0.020824
1 0.498413 0.527521 0.013774 0.024746
1 0.337736 0.747829 0.018916 0.033871
7 0.748568 0.478241 0.029427 0.044444
7 0.303385 0.845602 0.038021 0.054167
1 0.659731 0.532804 0.020456 0.032289
1 0.722008 0.973604 0.022314 0.036896
1 0.168639 0.983017 0.023375 0.033966
2 0.369145 0.973324 0.011905 0.019763
