7 0.467214 0.356639 0.050521 0.057833
2 0.434724 0.596375 0.015849 0.024722
9 0.197866 0.163676 0.033122 0.087935
2 0.399694 0.158456 0.009466 0.016792
2 0.595932 0.409769 0.010427 0.015093
1 0.545861 0.124875 0.035180 0.043037
1 0.450667 0.161840 0.018510 0.028903
2 0.497570 0.475824 0.011891 0.015944
2 0.837005 0.734669 0.021427 0.031514
2 0.547228 0.685454 0.009779 0.016204
1 0.244500 0.701681 0.045661 0.045769
2 0.762796 0.435440 0.015539 0.024583
2 0.369724 0.857088 0.018411 0.029009
3 0.511750 0.104477 0.076240 0.064889
2 0.574078 0.687396 0.007521 0.015949
2 0.925766 0.171407 0.010448 0.015056
1 0.595572 0.221382 0.016424 0.030727
2 0.638685 0.405442 0.010443 0.016801
1 0.162109 0.701819 0.116354 0.173213
7 0.713978 0.164544 0.053919 0.052671
1 0.691148 0.755220 0.020885 0.033681
2 0.323672 0.304398 0.012865 0.018519
2 0.639164 0.767845 0.013687 0.023384
2 0.383607 0.907361 0.015479 0.026176
2 0.611000 0.587225 0.010448 0.017681
2 0.472553 0.478831 0.011404 0.016782
3 0.758182 0.294690 0.102073 0.106824
2 0.580939 0.729171 0.013836 0.021120
7 0.540318 0.257340 0.053917 0.052671
