8 0.601723 0.101100 0.019744 0.035246
2 0.360471 0.867965 0.014165 0.024219
9 0.285849 0.110314 0.033077 0.142385
1 0.519577 0.289673 0.027092 0.039407
2 0.986762 0.908707 0.015392 0.024875
1 0.691736 0.093575 0.028731 0.055228
1 0.679604 0.319897 0.077810 0.114630
1 0.550394 0.112160 0.025318 0.037464
1 0.544200 0.170197 0.018637 0.036025
1 0.722047 0.081652 0.019694 0.041535
1 0.573324 0.147409 0.024734 0.044905
1 0.309247 0.547673 0.035074 0.052164
1 0.378757 0.131121 0.023621 0.043550
1 0.647081 0.293861 0.036570 0.050759
7 0.569709 0.566772 0.094413 0.093954
0 0.858365 0.036771 0.024813 0.044186
1 0.542302 0.250058 0.021397 0.039522
1 0.663273 0.116459 0.018134 0.041536
9 0.695960 0.016578 0.019846 0.033155
2 0.218484 0.785619 0.012618 0.021917
1 0.532010 0.074124 0.018505 0.028071
2 0.098570 0.482294 0.016041 0.026695
8 0.857739 0.036027 0.026245 0.046014
7 0.296072 0.632412 0.069251 0.101570
1 0.253551 0.249556 0.037380 0.089688
2 0.098126 0.896744 0.019242 0.033989
1 0.595257 0.359851 0.018024 0.037782
3 0.085547 0.197841 0.170502 0.110354
