1 0.720535 0.490970 0.017487 0.035403
7 0.402848 0.410620 0.055451 0.090519
2 0.320035 0.820817 0.010034 0.020866
7 0.304996 0.268780 0.053773 0.065495
2 0.077396 0.798794 0.014359 0.024171
1 0.357289 0.132067 0.020464 0.035319
1 0.645176 0.832148 0.043086 0.073574
2 0.492714 0.887748 0.008531 0.022468
1 0.622453 0.210630 0.017682 0.033231
2 0.947378 0.387738 0.014359 0.024171
7 0.567905 0.533560 0.045674 0.058630
1 0.795701 0.587731 0.038599 0.077130
2 0.437578 0.978845 0.010990 0.017403
7 0.630871 0.416398 0.070029 0.079296
7 0.623008 0.151356 0.058880 0.055324
7 0.174092 0.497424 0.070977 0.091153
1 0.289871 0.555546 0.045779 0.060481
2 0.393646 0.815546 0.014396 0.026898
1 0.642723 0.337600 0.017471 0.032579
1 0.524779 0.582076 0.013599 0.027634
2 0.937663 0.677039 0.011445 0.020736
2 0.204177 0.887738 0.014359 0.024171
2 0.770000 0.961674 0.014854 0.024588
1 0.454552 0.214039 0.020849 0.041847
2 0.226841 0.636424 0.014359 0.024171
2 0.224333 0.899829 0.012896 0.020713
9 0.843358 0.331685 0.065414 0.081519
2 0.929891 0.815201 0.014359 0.024171
1 0.535951 0.845894 0.014573 0.042315
2 0.770668 0.860850 0.018727 0.031958
2 0.793885 0.781942 0.013896 0.023708
2 0.873302 0.686958 0.011938 0.018120
2 0.993901 0.651123 0.012198 0.024171
1 0.248439 0.339924 0.025393 0.044134
1 0.681757 0.540505 0.019898 0.033546
1 0.567598 0.162806 0.025732 0.048269
2 0.776878 0.772910 0.012505 0.022153
