1 0.08478385416666665841 0.59399074074074076357 0.03324479166666665514 0.06974074074074068652
2 0.35074218749999996891 0.96337499999999998135 0.03590624999999996597 0.03782407407407398919
2 0.73704557291666672469 0.85285648148148152092 0.01329947916666670941 0.02718518518518519764
2 0.81882682291666664121 0.86467824074074073337 0.02260677083333332074 0.02955092592592589371
7 0.85173958333333343873 0.74824537037037042175 0.10305729166666673102 0.12293518518518517513
2 0.38132682291666669672 0.77720601851851844888 0.02659635416666663449 0.03664351851851845726
7 0.88298958333333343873 0.60049305555555554381 0.07380208333333335147 0.08510648148148144965
2 0.68285546875000002753 0.74588194444444444464 0.01662239583333331369 0.02600462962962966224
2 0.75366666666666659591 0.85994907407407406019 0.01728645833333336199 0.02718518518518509355
2 0.50200520833333328596 0.92850462962962965197 0.01529166666666667389 0.02718518518518519764
2 0.48804296875000002798 0.57330555555555562375 0.01662239583333331369 0.02837037037037035830
7 0.79422656250000001066 0.60226388888888882089 0.07180729166666660612 0.09337962962962964575
