7 0.540903 0.661691 0.030197 0.045985
1 0.180671 0.161237 0.028934 0.042140
1 0.278737 0.086319 0.030482 0.060788
1 0.345549 0.596511 0.030137 0.050833
3 0.616150 0.352330 0.078082 0.087540
7 0.550376 0.598850 0.032510 0.048607
7 0.414724 0.367299 0.032578 0.044352
1 0.265937 0.317672 0.027043 0.056400
7 0.284404 0.631705 0.035489 0.054739
8 0.678571 0.754942 0.020519 0.038935
1 0.545324 0.445349 0.023614 0.038968
1 0.572151 0.298223 0.018006 0.030383
1 0.697450 0.162441 0.020108 0.039884
1 0.705202 0.490215 0.026507 0.038133
2 0.181549 0.932128 0.013163 0.020805
2 0.780557 0.752214 0.012250 0.019947
2 0.784273 0.732609 0.010571 0.018985
3 0.377195 0.563283 0.168822 0.198164
2 0.623417 0.896091 0.010964 0.018735
1 0.710254 0.771052 0.020831 0.041520
1 0.663748 0.725112 0.017059 0.036620
7 0.237362 0.896146 0.039334 0.061346
1 0.385011 0.427744 0.017721 0.035562
1 0.928492 0.690959 0.022254 0.038036
1 0.547006 0.392721 0.015236 0.029587
1 0.359625 0.715228 0.022418 0.039684
7 0.902404 0.217161 0.053828 0.060176
1 0.740198 0.416550 0.031789 0.056292
1 0.137515 0.852105 0.022342 0.046939
1 0.674153 0.149326 0.017085 0.030570
