1 0.254113 0.189069 0.028435 0.055269
7 0.345046 0.625225 0.054023 0.072051
1 0.233531 0.743396 0.025120 0.045051
2 0.326587 0.815201 0.011904 0.018810
2 0.359003 0.827028 0.013505 0.021630
1 0.406336 0.141725 0.035766 0.037366
2 0.078608 0.797056 0.013357 0.020519
2 0.579663 0.879532 0.008018 0.016213
2 0.755991 0.861831 0.011904 0.018810
7 0.069138 0.706394 0.089370 0.092250
3 0.488439 0.831225 0.116341 0.108181
1 0.588188 0.091706 0.017521 0.030588
1 0.713247 0.325125 0.024964 0.030574
7 0.177345 0.399921 0.117549 0.092250
2 0.093906 0.642051 0.009948 0.017935
2 0.359376 0.502451 0.016341 0.024542
9 0.837598 0.360968 0.034487 0.081176
2 0.664318 0.670257 0.014875 0.021375
1 0.559345 0.657120 0.030789 0.043537
2 0.594723 0.739206 0.011904 0.018810
9 0.789270 0.363597 0.034487 0.081176
2 0.106544 0.639028 0.008995 0.018796
1 0.820635 0.448375 0.049250 0.058528
2 0.317363 0.844130 0.010924 0.017944
1 0.675353 0.568662 0.015909 0.032491
1 0.668483 0.492669 0.020404 0.038532
1 0.195189 0.740072 0.029336 0.052171
2 0.081770 0.538859 0.011904 0.018810
7 0.943736 0.345431 0.085602 0.078954
1 0.290008 0.195072 0.048734 0.084764
1 0.559738 0.236361 0.028086 0.037269
2 0.333073 0.837706 0.014375 0.028940
1 0.152449 0.295375 0.059747 0.077722
1 0.489746 0.572819 0.026852 0.036972
1 0.653010 0.581183 0.021740 0.041986
1 0.571405 0.699046 0.022711 0.037648
2 0.245469 0.427470 0.012880 0.018829
7 0.526155 0.528826 0.047221 0.065125
2 0.455465 0.727109 0.011904 0.018810
1 0.591793 0.151868 0.017935 0.028042
2 0.922111 0.814766 0.016773 0.026579
1 0.494013 0.299519 0.025646 0.042352
1 0.353453 0.082706 0.018365 0.028773
2 0.344561 0.919266 0.009523 0.016005
1 0.448288 0.455502 0.017857 0.033338
2 0.287245 0.856657 0.009625 0.014741
2 0.396536 0.800947 0.009531 0.021162
1 0.573622 0.484822 0.017339 0.026801
2 0.344637 0.904884 0.010648 0.018593
2 0.379685 0.582796 0.011938 0.017370
2 0.336788 0.732299 0.007674 0.018181
1 0.211720 0.224417 0.062086 0.072019
2 0.860884 0.749065 0.013628 0.023037
7 0.631546 0.337468 0.046628 0.058333
7 0.284814 0.322972 0.040424 0.053037
2 0.355001 0.709854 0.007185 0.014736
2 0.692172 0.822118 0.017516 0.033023
7 0.385853 0.356648 0.040430 0.054759
1 0.610991 0.273752 0.019607 0.036634
