2 0.31171354166666664920 0.97781018518518503235 0.01683333333333330087 0.02327777777777786938
7 0.24975260416666664187 0.54634027777777771639 0.03694270833333333781 0.04489351851851853398
7 0.49385546874999997069 0.36760185185185184631 0.02572135416666666147 0.04323148148148148184
7 0.52822656249999999645 0.35721064814814817989 0.03086458333333332721 0.03741203703703706307
2 0.73936197916666668295 0.90090972222222232002 0.00888541666666663871 0.01579166666666662056
2 0.39869140624999999112 0.97157407407407403444 0.01215885416666662167 0.01745370370370362065
2 0.82563932291666664032 0.69265972222222216281 0.01496614583333339896 0.02161574074074076521
2 0.62829817708333335347 0.98279629629629638998 0.00748177083333333767 0.01163888888888883061
2 0.72720182291666668473 0.90215740740740735237 0.00982031250000000959 0.01662962962962955676
2 0.64770442708333331172 0.98570601851851846753 0.00982031250000000959 0.01413425925925914164
