1 0.037279 0.402353 0.039851 0.055722
7 0.647544 0.385237 0.042576 0.048981
1 0.157638 0.063873 0.027128 0.044303
1 0.681905 0.044024 0.028442 0.043436
1 0.336487 0.285512 0.029601 0.043080
1 0.544704 0.450633 0.024696 0.045148
1 0.592440 0.125414 0.018317 0.032011
2 0.702559 0.535660 0.011916 0.019463
3 0.910563 0.237111 0.178873 0.154792
1 0.199437 0.313365 0.027299 0.047696
1 0.575780 0.350926 0.016331 0.031949
1 0.230338 0.347287 0.018987 0.036006
1 0.798636 0.493540 0.021692 0.047341
1 0.711604 0.328177 0.022346 0.038827
1 0.787955 0.108864 0.015470 0.026044
1 0.246006 0.097802 0.023881 0.050421
1 0.603056 0.307293 0.014241 0.026937
1 0.399615 0.415159 0.021211 0.036630
1 0.638847 0.185520 0.016280 0.028615
2 0.701785 0.894741 0.012078 0.021608
1 0.629558 0.305285 0.022162 0.040524
1 0.113575 0.262694 0.041510 0.064293
1 0.724791 0.260559 0.019522 0.040090
1 0.908116 0.253964 0.022659 0.038395
2 0.737202 0.621442 0.010573 0.018667
1 0.310125 0.254153 0.016827 0.029353
1 0.706484 0.232963 0.015499 0.031592
1 0.273201 0.477686 0.105349 0.110010
1 0.299454 0.407407 0.021571 0.045527
7 0.415189 0.281654 0.044510 0.046744
7 0.977271 0.422327 0.045459 0.064337
