1 0.50037630208333327975 0.89077083333333340054 0.07275781249999996314 0.09406944444444446940
1 0.56610677083333338366 0.50236342592592597711 0.02315104166666669128 0.03454166666666672741
2 0.15858723958333331705 0.85758333333333336412 0.02393489583333332366 0.02482407407407413030
2 0.25133984375000001377 0.53016203703703712602 0.02460156250000000711 0.02718518518518519764
2 0.42770963541666667806 0.33295370370370375168 0.02099218750000003339 0.02380555555555553815
7 0.65662369791666663765 0.64076157407407408062 0.01122135416666670410 0.01672685185185179835
7 0.67001432291666662699 0.63886342592592604284 0.01194531249999997158 0.01666203703703704117
2 0.38334635416666668073 0.68436111111111108674 0.01286458333333335632 0.01455555555555558024
7 0.53700911458333322468 0.29145138888888894035 0.03908593749999998007 0.03603240740740742964
2 0.36200260416666668606 0.63108564814814815946 0.01110937500000002201 0.01403240740740738235
7 0.92335807291666660568 0.45101851851851854081 0.01990364583333329232 0.02059259259259259983
7 0.63364192708333333393 0.65272916666666669361 0.01013281249999996129 0.01480092592592593785
2 0.38363802083333337078 0.73815740740740742876 0.01110937500000002201 0.01923148148148146400
2 0.50642708333333330550 0.50053009259259262365 0.01845833333333330231 0.02193981481481475579
2 0.37062760416666667984 0.70723148148148140546 0.01315624999999999607 0.01559259259259262141
