1 0.19867057291666664898 0.26197453703703704742 0.09243489583333334980 0.10593055555555555558
1 0.89039453124999989875 0.79603703703703709849 0.03409114583333341247 0.05838888888888883744
2 0.61438932291666670249 0.80716666666666669894 0.01835677083333327533 0.03846296296296292799
7 0.41181250000000002576 0.84965046296296287132 0.04720312499999999856 0.06771759259259269026
7 0.61307942708333329485 0.71963888888888893902 0.05507031250000006539 0.07575925925925930393
2 0.19677604166666667895 0.88817129629629631982 0.01573437500000001918 0.02797222222222225593
7 0.35969140625000001199 0.46392592592592590828 0.05048177083333336979 0.06526851851851847575
7 0.18492317708333333437 0.60830324074074071383 0.09505989583333332438 0.09673611111111113381
2 0.74780338541666668828 0.96794907407407404509 0.01508072916666662946 0.02901851851851865172
9 0.66224869791666662877 0.21853009259259259522 0.10227343750000000844 0.13624537037037035003
