7 0.405339 0.493519 0.039323 0.064815
1 0.229976 0.155757 0.024794 0.038987
1 0.503468 0.206695 0.019829 0.032671
1 0.458397 0.183342 0.022821 0.036386
7 0.711328 0.480556 0.048177 0.053704
7 0.727474 0.909259 0.056510 0.060185
1 0.639963 0.210662 0.017627 0.030380
6 0.268880 0.881195 0.109651 0.237611
2 0.299165 0.692940 0.013328 0.021519
3 0.980503 0.434901 0.038765 0.077972
9 0.573047 0.186111 0.046094 0.123148
7 0.664926 0.682675 0.030184 0.045905
7 0.548568 0.372222 0.046094 0.054630
1 0.399953 0.168921 0.035968 0.046817
7 0.672396 0.430093 0.058333 0.069444
1 0.569920 0.570512 0.015113 0.029674
1 0.500809 0.063884 0.018277 0.034857
1 0.689025 0.775053 0.021162 0.038618
7 0.433984 0.613657 0.045573 0.053241
1 0.616434 0.227577 0.013522 0.024605
1 0.731220 0.981835 0.036349 0.036330
2 0.829936 0.783199 0.011853 0.020296
1 0.086449 0.834694 0.025378 0.048887
1 0.702498 0.081168 0.023508 0.040246
3 0.024378 0.505158 0.048756 0.126645
1 0.354725 0.225819 0.014157 0.024211
