1 0.184267 0.452111 0.037888 0.042315
7 0.510540 0.392863 0.042857 0.048181
2 0.188288 0.837347 0.011617 0.020204
2 0.208578 0.897606 0.014109 0.028454
1 0.377591 0.484032 0.040495 0.057306
3 0.661523 0.565667 0.209349 0.176167
2 0.104432 0.580229 0.013583 0.021588
1 0.578870 0.106556 0.017323 0.032333
2 0.981194 0.959713 0.013909 0.022667
1 0.290404 0.335963 0.023802 0.022454
9 0.330648 0.133697 0.015786 0.041588
1 0.702806 0.930491 0.045846 0.097907
7 0.063865 0.273468 0.040984 0.048593
7 0.975546 0.527630 0.048695 0.053352
7 0.704014 0.387738 0.042857 0.048181
1 0.702807 0.193475 0.021859 0.050088
1 0.560232 0.274611 0.040495 0.057306
1 0.247415 0.372664 0.034003 0.063042
3 0.786815 0.430875 0.105156 0.117093
7 0.969240 0.631262 0.059365 0.075810
7 0.505342 0.552678 0.042857 0.048181
2 0.593348 0.684414 0.014435 0.021597
1 0.148322 0.106687 0.022346 0.030227
2 0.659303 0.679461 0.011471 0.018690
1 0.278930 0.380120 0.034656 0.054694
2 0.504866 0.828493 0.012430 0.020069
7 0.202694 0.341900 0.055143 0.062912
7 0.269214 0.671625 0.056464 0.063157
7 0.962923 0.717176 0.054518 0.066296
3 0.522954 0.361169 0.113909 0.102931
1 0.190582 0.120505 0.035945 0.026769
