2 0.445282 0.982469 0.011568 0.020260
2 0.377163 0.873417 0.012929 0.020310
9 0.615792 0.293878 0.094251 0.191545
7 0.204666 0.607700 0.053858 0.065861
1 0.433170 0.534711 0.022371 0.031201
1 0.601065 0.639261 0.018962 0.035790
2 0.540441 0.814809 0.009684 0.016788
1 0.790813 0.229126 0.022976 0.045532
2 0.469180 0.941335 0.013061 0.024298
1 0.520529 0.521964 0.016447 0.029953
2 0.677034 0.884489 0.013848 0.025266
1 0.555736 0.200529 0.014935 0.026166
1 0.551745 0.453411 0.015344 0.024340
1 0.360600 0.411912 0.018933 0.036903
1 0.314484 0.325408 0.025344 0.044183
1 0.889387 0.323168 0.111188 0.108509
1 0.505140 0.599320 0.020572 0.039167
2 0.507816 0.750766 0.010569 0.016955
1 0.549037 0.364915 0.020499 0.039282
1 0.640370 0.389080 0.017939 0.033690
1 0.725603 0.497190 0.017222 0.030636
7 0.873034 0.678669 0.060958 0.071424
2 0.838214 0.622026 0.011405 0.019567
1 0.763792 0.931081 0.022637 0.044821
7 0.330114 0.471937 0.041600 0.051938
2 0.789356 0.573462 0.014885 0.023066
2 0.376485 0.909435 0.008304 0.014697
