1 0.46712500000000001243 0.16731018518518517291 0.02133333333333335344 0.04191666666666667845
1 0.27261718749999996891 0.11290277777777778245 0.02593229166666670762 0.03900925925925925741
1 0.82045182291666662877 0.75286111111111098104 0.08122135416666663443 0.11511111111111116401
1 0.60639322916666671404 0.08926157407407407651 0.02593229166666664864 0.07210648148148147973
1 0.82194921874999993250 0.56189120370370371216 0.02807031249999998937 0.03793055555555558539
7 0.27294921875000000000 0.63063425925925931104 0.05717968750000001349 0.07919444444444441455
2 0.64395963541666678687 0.89718055555555553671 0.01861718750000006251 0.02837037037037035830
7 0.70142838541666663321 0.82405787037037048215 0.07223697916666663166 0.10580092592592590939
2 0.37135286458333333082 0.92791435185185189294 0.01861718750000000352 0.03309722222222222926
7 0.31317447916666668606 0.95155555555555537683 0.08577083333333331006 0.09456481481481469886
2 0.93618098958333328952 0.92023148148148137260 0.01662239583333331369 0.02954629629629626844
2 0.36967578125000000178 0.75095601851851856434 0.03040885416666666216 0.03861574074074077684
2 0.40293619791666668295 0.81798611111111108052 0.02327343750000003195 0.03073148148148142564
2 0.32680598958333334503 0.79789120370370381075 0.01595572916666666147 0.02127314814814816948
7 0.43451953125000003508 0.53429861111111109917 0.05186197916666668989 0.07092129629629631560
3 0.58296874999999992450 0.18796759259259257502 0.16507291666666662477 0.11429629629629632637
