9 0.290349 0.097094 0.080133 0.194189
2 0.577318 0.852446 0.012291 0.021213
1 0.274819 0.270563 0.033207 0.054907
1 0.436006 0.228488 0.022177 0.054354
1 0.618735 0.097957 0.033191 0.069067
2 0.680593 0.947709 0.014011 0.022509
1 0.464090 0.214227 0.032222 0.057953
0 0.165694 0.236803 0.032679 0.047276
1 0.919736 0.029771 0.020805 0.033800
1 0.663422 0.074911 0.029936 0.052032
6 0.140843 0.737260 0.091512 0.264375
1 0.684409 0.310747 0.022077 0.049332
1 0.032493 0.567208 0.064902 0.104257
1 0.589919 0.116938 0.029683 0.053770
6 0.273781 0.431523 0.074009 0.191964
1 0.445255 0.305737 0.026066 0.051783
9 0.592911 0.023275 0.032525 0.046550
2 0.895156 0.811045 0.014939 0.023069
1 0.204108 0.201991 0.019526 0.039627
1 0.718250 0.268598 0.024773 0.046150
1 0.681260 0.104310 0.018459 0.036569
1 0.558061 0.101192 0.022236 0.040165
8 0.370553 0.601632 0.043658 0.070949
1 0.502922 0.222954 0.018969 0.037991
1 0.136973 0.391664 0.021239 0.042116
2 0.822824 0.992805 0.014833 0.014391
2 0.604865 0.993462 0.013746 0.013076
1 0.078827 0.275855 0.081172 0.107305
2 0.914086 0.920003 0.013717 0.021983
