8 0.868309 0.066409 0.015942 0.029358
1 0.352297 0.111210 0.019069 0.032733
2 0.644077 0.853213 0.010813 0.018212
1 0.408594 0.340278 0.029167 0.044444
2 0.682296 0.973281 0.014337 0.022323
2 0.435266 0.716154 0.014720 0.022433
1 0.677530 0.100209 0.018393 0.032496
2 0.351275 0.781194 0.011875 0.019311
7 0.767559 0.471118 0.036721 0.043390
2 0.793657 0.967963 0.011837 0.019557
1 0.042622 0.493341 0.029268 0.054377
1 0.492790 0.076311 0.016919 0.029222
1 0.769857 0.038554 0.019754 0.032971
9 0.605469 0.111574 0.052604 0.136111
1 0.673617 0.282949 0.018456 0.030528
1 0.836635 0.813331 0.056681 0.122223
2 0.560569 0.682789 0.010899 0.018305
1 0.443672 0.228262 0.014155 0.025334
6 0.559422 0.492846 0.027102 0.063525
1 0.854730 0.809348 0.092149 0.130037
1 0.090874 0.036361 0.028174 0.043129
1 0.798948 0.056131 0.018879 0.030097
1 0.255037 0.480415 0.019413 0.034408
7 0.769732 0.474480 0.043888 0.056241
1 0.240495 0.419399 0.020031 0.029517
2 0.896545 0.918463 0.012682 0.022096
1 0.360943 0.349664 0.017391 0.028387
3 0.757409 0.347083 0.101635 0.081672
1 0.571615 0.749769 0.062500 0.082870
1 0.216164 0.359625 0.021392 0.039567
6 0.860624 0.612177 0.077409 0.341450
2 0.435361 0.714778 0.018176 0.027781
1 0.287975 0.664892 0.015648 0.025598
1 0.937798 0.981168 0.030358 0.037664
1 0.384756 0.791633 0.014892 0.025711
6 0.387169 0.648378 0.024395 0.062303
1 0.627840 0.239501 0.012285 0.022826
7 0.803491 0.565526 0.042848 0.061815
1 0.088996 0.899974 0.025900 0.059488
7 0.797054 0.569001 0.055839 0.077201
1 0.748861 0.371231 0.012091 0.022054
1 0.384839 0.113397 0.015748 0.025127
1 0.604464 0.702184 0.020485 0.040230
1 0.849430 0.105928 0.021990 0.036482
1 0.709695 0.233622 0.013870 0.021567
1 0.357075 0.146058 0.016857 0.029670
