1 0.37745572916666669805 0.34884953703703702743 0.03685416666666666008 0.04712499999999998634
1 0.57788671874999997247 0.48448148148148151293 0.05366406249999992190 0.07241666666666669860
7 0.83883333333333331971 0.91699768518518520732 0.05126041666666670410 0.08649537037037044462
2 0.84361979166666667407 0.65344675925925932436 0.01357812500000008492 0.02873611111111108035
2 0.83579296874999997602 0.91545138888888888395 0.02085156250000004194 0.04016203703703703776
7 0.73532291666666671492 0.46034490740740741099 0.03491145833333331866 0.05631944444444448444
7 0.75698307291666666607 0.19540046296296295636 0.03426822916666670549 0.05287500000000001921
7 0.65708984375000001332 0.32643518518518516158 0.03620572916666660312 0.04367592592592593748
2 0.63058072916666663144 0.88563194444444448550 0.02327604166666669486 0.04482870370370377333
7 0.59165624999999999467 0.89150925925925927906 0.04170312500000008388 0.06641666666666667940
2 0.52519401041666669006 0.57719444444444445441 0.01650781250000002767 0.02780555555555553129
2 0.69265104166666657814 0.95631944444444449971 0.01422395833333342345 0.02528703703703709046
2 0.38010156250000004530 0.83513425925925921511 0.01477083333333334067 0.03088888888888890322
7 0.76700390625000003375 0.11666666666666666852 0.03362239583333336695 0.04942592592592592177
2 0.21678906250000001821 0.74137962962962966618 0.01422395833333333498 0.01609259259259258890
2 0.86359505208333331439 0.79188657407407403444 0.02085156249999992398 0.03089351851851852848
9 0.46797395833333332860 0.27758564814814817856 0.04073437500000001710 0.07011574074074071461
