7 0.728265 0.739781 0.034357 0.049982
1 0.430506 0.068916 0.036343 0.061412
3 0.252268 0.315950 0.178753 0.193281
1 0.515040 0.104370 0.026266 0.054824
1 0.350942 0.060551 0.020242 0.041479
2 0.754872 0.649087 0.013525 0.021517
2 0.514049 0.852848 0.014045 0.020928
1 0.486138 0.081671 0.016698 0.033081
9 0.894449 0.222124 0.048347 0.047779
2 0.552157 0.595061 0.012208 0.018886
7 0.415512 0.303654 0.029884 0.044162
7 0.653659 0.697741 0.032851 0.053119
1 0.767914 0.760849 0.020050 0.035276
3 0.117507 0.204145 0.174218 0.162082
1 0.258361 0.750390 0.024551 0.052746
1 0.256202 0.097118 0.022574 0.044688
7 0.301877 0.481679 0.039345 0.050919
9 0.054238 0.598010 0.072235 0.061840
1 0.619682 0.150069 0.023565 0.035893
8 0.545465 0.481040 0.015214 0.028262
1 0.378123 0.112413 0.029101 0.051468
7 0.442704 0.265864 0.029386 0.040942
2 0.531973 0.400907 0.016433 0.022454
1 0.512643 0.186648 0.018036 0.028099
2 0.240968 0.855325 0.017007 0.027193
1 0.523630 0.483617 0.019414 0.032946
1 0.227205 0.077670 0.019305 0.037719
2 0.547365 0.975159 0.011991 0.018311
1 0.327146 0.087469 0.015606 0.031752
1 0.346480 0.453954 0.024128 0.036343
1 0.416987 0.490225 0.062455 0.073259
1 0.592027 0.158313 0.017661 0.036685
1 0.305056 0.035645 0.021013 0.034385
1 0.611049 0.332504 0.021472 0.041281
