1 0.479624 0.123739 0.023217 0.037371
7 0.033880 0.417616 0.044679 0.062783
1 0.509568 0.361147 0.019799 0.034015
1 0.653898 0.920742 0.052854 0.136531
1 0.321855 0.541341 0.021108 0.036023
1 0.735256 0.388800 0.111699 0.102376
7 0.641680 0.346516 0.035439 0.044781
1 0.440345 0.345836 0.018175 0.033299
1 0.358324 0.450623 0.020690 0.036997
3 0.885230 0.130412 0.159493 0.137400
1 0.326292 0.224235 0.018563 0.039004
5 0.941626 0.507257 0.082567 0.123492
1 0.403465 0.370538 0.022870 0.042985
1 0.585183 0.144804 0.021045 0.037587
1 0.663862 0.657380 0.024112 0.053265
8 0.760675 0.387037 0.021398 0.034506
1 0.750271 0.848105 0.047579 0.077163
1 0.620918 0.397377 0.018591 0.033133
