1 0.555309 0.267632 0.020032 0.037693
2 0.344683 0.969196 0.009379 0.017535
2 0.705596 0.881794 0.013505 0.021481
7 0.400695 0.826772 0.073126 0.099502
7 0.982107 0.126516 0.035787 0.061076
1 0.376547 0.142377 0.023342 0.038063
1 0.127658 0.154431 0.019594 0.039787
2 0.584439 0.797239 0.010957 0.017501
3 0.400321 0.136406 0.125925 0.114335
2 0.500279 0.976124 0.011788 0.018942
2 0.443052 0.757992 0.015215 0.023694
2 0.593592 0.970348 0.008774 0.015246
1 0.601901 0.278754 0.015820 0.029889
2 0.837826 0.816333 0.009286 0.014777
9 0.908544 0.277976 0.034277 0.058054
1 0.531306 0.282791 0.015315 0.025689
6 0.321051 0.653975 0.078431 0.199805
1 0.265555 0.224952 0.020885 0.038025
2 0.739241 0.798792 0.009000 0.014751
1 0.583320 0.269201 0.017384 0.033874
1 0.693106 0.725365 0.059427 0.071543
1 0.473488 0.344943 0.017853 0.032681
1 0.041449 0.820843 0.045160 0.056573
2 0.425934 0.815785 0.010084 0.017280
1 0.560331 0.415942 0.022699 0.032188
1 0.464325 0.606752 0.013007 0.023471
2 0.828782 0.837408 0.008662 0.015032
1 0.295866 0.379001 0.016184 0.026806
2 0.855507 0.839331 0.011316 0.018117
2 0.198647 0.693576 0.011312 0.018519
1 0.238935 0.743502 0.029297 0.059304
1 0.112634 0.784263 0.021615 0.049331
1 0.431567 0.456267 0.014076 0.022815
8 0.593895 0.202923 0.020029 0.032726
1 0.196974 0.465842 0.017964 0.043792
2 0.839708 0.670873 0.010488 0.016875
2 0.136482 0.889707 0.012199 0.019621
1 0.401313 0.067797 0.016599 0.034725
7 0.420113 0.734413 0.034289 0.048645
1 0.696063 0.111422 0.016135 0.044636
