1 0.03949739583333333748 0.57321759259259263963 0.06455729166666666907 0.09720370370370372270
1 0.22296093750000001155 0.70672685185185191159 0.09288541666666665086 0.16981481481481480733
1 0.31782291666666667718 0.73366203703703702921 0.02437499999999997655 0.05504629629629633619
2 0.61920703124999998401 0.92865509259259260144 0.01844531249999998082 0.03044907407407406591
2 0.85273697916666668650 0.72780555555555548342 0.01383333333333342310 0.03396296296296291706
2 0.67766927083333328152 0.17715740740740740233 0.02258854166666661098 0.03398148148148149444
3 0.18766015625000001532 0.22194907407407404865 0.10425781249999997724 0.07413888888888890694
3 0.58166536458333328863 0.21885879629629631515 0.11381510416666665297 0.13592129629629629006
3 0.48609765625000000977 0.41887731481481482732 0.11728906249999997147 0.14981944444444439402
9 0.26479296875000002398 0.85780324074074076890 0.08168489583333335413 0.13233796296296290729
9 0.08890364583333333626 0.93856250000000007727 0.17654687500000001976 0.12287500000000003975
