7 0.816639 0.221822 0.053612 0.056125
1 0.635570 0.619653 0.022250 0.029130
1 0.642809 0.557002 0.019331 0.029144
1 0.526117 0.623218 0.042599 0.073843
3 0.785880 0.742083 0.135083 0.193370
2 0.036323 0.758699 0.013568 0.022093
1 0.606082 0.626104 0.015685 0.034162
1 0.635698 0.352745 0.020823 0.031778
2 0.103628 0.818653 0.013568 0.022093
1 0.180855 0.681289 0.056294 0.108625
7 0.515918 0.196012 0.031758 0.040088
2 0.971180 0.791021 0.013297 0.021597
2 0.863453 0.758669 0.013297 0.021597
7 0.431332 0.549218 0.070878 0.054556
1 0.056271 0.442611 0.027688 0.066491
2 0.476202 0.736606 0.021346 0.037620
1 0.946411 0.553972 0.043635 0.038630
7 0.431668 0.734593 0.034206 0.049639
1 0.897836 0.283252 0.023234 0.103403
1 0.294770 0.127312 0.028232 0.040208
2 0.373707 0.712079 0.009065 0.014361
1 0.254555 0.232375 0.074099 0.089583
1 0.597352 0.115516 0.028120 0.036190
2 0.800676 0.597144 0.022034 0.025898
1 0.483979 0.355694 0.023583 0.032648
6 0.321632 0.933414 0.076430 0.133171
2 0.058937 0.758204 0.013568 0.022093
1 0.375138 0.930442 0.026229 0.038968
3 0.685074 0.100174 0.124122 0.093301
6 0.526151 0.757701 0.054896 0.100153
1 0.857507 0.360530 0.059180 0.061069
7 0.250809 0.449488 0.057497 0.079449
1 0.154151 0.437863 0.029146 0.053542
7 0.719074 0.199484 0.053612 0.056125
2 0.045917 0.720102 0.015130 0.023259
2 0.426225 0.873993 0.013977 0.023838
1 0.530710 0.809345 0.051940 0.075634
8 0.749923 0.927067 0.028659 0.038856
1 0.598171 0.243815 0.018164 0.032074
