1 0.446433 0.037331 0.020879 0.040274
1 0.586432 0.425255 0.026732 0.048580
9 0.197368 0.480801 0.077950 0.191228
1 0.749871 0.054015 0.041846 0.066218
1 0.968802 0.438865 0.062025 0.117309
1 0.540925 0.462850 0.033285 0.067354
1 0.369737 0.109892 0.046087 0.054948
2 0.715710 0.664047 0.015798 0.023551
1 0.495285 0.017901 0.023707 0.035802
1 0.264130 0.475583 0.027590 0.054722
2 0.960699 0.708095 0.012633 0.019296
1 0.347232 0.641581 0.022010 0.044490
1 0.443723 0.245182 0.015972 0.030930
0 0.552167 0.639324 0.019017 0.030151
1 0.495026 0.113494 0.018141 0.033938
7 0.591124 0.363908 0.052312 0.068135
9 0.069097 0.775368 0.100304 0.177769
1 0.839988 0.201185 0.034587 0.058104
1 0.265143 0.515125 0.021114 0.038945
1 0.220664 0.960284 0.045873 0.079433
1 0.604799 0.450444 0.015750 0.028474
1 0.645915 0.214090 0.015773 0.027618
1 0.417514 0.631105 0.022402 0.043793
1 0.767172 0.236279 0.019607 0.034538
3 0.147099 0.072798 0.097768 0.090779
2 0.691059 0.864771 0.013973 0.025773
1 0.282080 0.541990 0.020742 0.042983
1 0.474334 0.206934 0.017584 0.049622
1 0.165048 0.495004 0.022685 0.042581
1 0.814572 0.393846 0.016085 0.026703
1 0.616786 0.303282 0.013960 0.025434
0 0.255950 0.796283 0.025266 0.044034
1 0.788184 0.171093 0.015103 0.027238
