7 0.050195 0.434370 0.049646 0.066620
2 0.517404 0.584718 0.011427 0.018833
2 0.424323 0.736229 0.018094 0.027690
2 0.370971 0.784150 0.011875 0.019819
5 0.589917 0.352743 0.058224 0.059745
7 0.518219 0.271169 0.064708 0.066644
1 0.453057 0.611410 0.031719 0.039884
2 0.456283 0.469778 0.011398 0.017130
2 0.369819 0.723662 0.013341 0.021074
2 0.702070 0.792738 0.009453 0.017116
2 0.660056 0.727109 0.009940 0.018838
1 0.463647 0.061259 0.020648 0.043972
2 0.428112 0.069090 0.021120 0.034412
2 0.464051 0.854058 0.009451 0.015403
2 0.493199 0.482731 0.011398 0.017130
2 0.235335 0.637363 0.015018 0.023736
2 0.280697 0.589315 0.013341 0.021074
2 0.619980 0.404148 0.011398 0.017130
2 0.754534 0.772014 0.008484 0.013657
2 0.189733 0.706662 0.014706 0.023463
2 0.853626 0.540588 0.011398 0.017130
1 0.832051 0.816380 0.042445 0.061741
2 0.837598 0.667532 0.011398 0.017130
2 0.290887 0.796410 0.013482 0.021412
2 0.400419 0.069509 0.030828 0.045611
1 0.973612 0.266014 0.036917 0.048361
7 0.749699 0.604958 0.055836 0.066130
1 0.627171 0.080977 0.021841 0.035102
2 0.673418 0.670130 0.009466 0.017148
7 0.817964 0.258014 0.096536 0.131509
2 0.806025 0.590676 0.011398 0.017130
1 0.277771 0.136025 0.023536 0.042801
2 0.395814 0.792308 0.010924 0.017977
2 0.457495 0.501289 0.008969 0.017977
7 0.454339 0.238343 0.049646 0.066620
1 0.326100 0.953368 0.021503 0.039190
2 0.335329 0.632125 0.013341 0.021074
1 0.402219 0.753792 0.019427 0.028926
7 0.444000 0.350167 0.049646 0.066620
1 0.492310 0.042486 0.024135 0.040269
1 0.392155 0.902572 0.021503 0.039190
2 0.315656 0.373919 0.009938 0.015403
2 0.461626 0.525907 0.011398 0.017130
2 0.613427 0.736618 0.008979 0.017134
7 0.614888 0.237449 0.075047 0.077593
2 0.561033 0.509282 0.011398 0.017130
1 0.287728 0.956822 0.021503 0.039190
2 0.907059 0.547495 0.011398 0.017130
2 0.292826 0.917970 0.010911 0.018875
1 0.657947 0.506986 0.016737 0.030648
2 0.221556 0.927924 0.017086 0.027551
1 0.565063 0.623588 0.020964 0.034056
2 0.186691 0.667532 0.011398 0.017130
