2 0.968622 0.683924 0.014776 0.024532
1 0.710647 0.682794 0.017049 0.033690
2 0.868441 0.737903 0.008138 0.015898
2 0.671474 0.367005 0.012521 0.018491
7 0.442561 0.280354 0.069935 0.073847
1 0.612924 0.568743 0.017182 0.035301
1 0.499868 0.771912 0.016253 0.032676
7 0.352694 0.554634 0.052221 0.068870
1 0.431991 0.050083 0.017685 0.035759
7 0.291126 0.631271 0.041758 0.054866
2 0.290337 0.887412 0.012435 0.020509
2 0.205151 0.909769 0.011469 0.026574
2 0.809548 0.702711 0.012841 0.020218
2 0.406573 0.368664 0.011490 0.018282
2 0.458957 0.524609 0.009117 0.017634
2 0.703714 0.563169 0.014901 0.023014
7 0.374760 0.425002 0.047901 0.055764
2 0.808945 0.164942 0.007667 0.013329
2 0.787569 0.329449 0.009602 0.015917
7 0.641530 0.447697 0.043977 0.052079
2 0.783677 0.480574 0.013479 0.017648
1 0.685090 0.520299 0.021581 0.039218
1 0.305219 0.408502 0.012630 0.034542
1 0.982599 0.538468 0.031573 0.035407
2 0.854500 0.442102 0.025031 0.039880
1 0.080164 0.686942 0.122891 0.140051
1 0.787302 0.124312 0.028328 0.045375
1 0.313070 0.338310 0.022995 0.036630
2 0.792423 0.430914 0.013482 0.021958
2 0.190819 0.404576 0.012997 0.019366
9 0.589599 0.325958 0.040036 0.148907
2 0.884234 0.268569 0.012521 0.018509
1 0.342771 0.418880 0.021161 0.044139
2 0.644962 0.933609 0.013482 0.021958
2 0.640388 0.843688 0.007661 0.015032
2 0.854523 0.443528 0.017354 0.025880
2 0.476013 0.481560 0.015026 0.024435
2 0.879133 0.335921 0.012031 0.018500
2 0.475573 0.758255 0.021255 0.032361
7 0.641352 0.284111 0.063130 0.080759
9 0.209743 0.086921 0.073221 0.067546
1 0.290891 0.051745 0.034208 0.038269
1 0.286275 0.422750 0.023315 0.033676
7 0.412076 0.184366 0.045641 0.045343
2 0.413046 0.566060 0.009586 0.014176
1 0.540809 0.946931 0.017487 0.049222
1 0.518221 0.829053 0.040318 0.063903
2 0.865918 0.794894 0.019971 0.030287
1 0.334746 0.459745 0.029820 0.057426
7 0.690523 0.104354 0.076036 0.097125
