3 0.082988 0.579910 0.149128 0.177042
2 0.341642 0.845859 0.009320 0.016801
1 0.566786 0.761660 0.033823 0.063255
2 0.374919 0.843706 0.010786 0.022866
1 0.410637 0.135914 0.020763 0.034708
2 0.231803 0.482866 0.012242 0.019389
1 0.481292 0.829891 0.017521 0.065681
1 0.514796 0.472162 0.014023 0.024444
1 0.378124 0.338873 0.023779 0.034199
2 0.670742 0.954227 0.009818 0.017657
2 0.587862 0.696597 0.009755 0.017611
7 0.480806 0.351456 0.054273 0.064310
2 0.972637 0.888602 0.012242 0.019389
2 0.680462 0.870456 0.010794 0.024551
7 0.673021 0.177183 0.062156 0.059745
1 0.674297 0.367123 0.025380 0.037245
1 0.555566 0.475572 0.020982 0.065708
2 0.656411 0.679035 0.010948 0.018060
2 0.967286 0.934382 0.008344 0.015958
2 0.538374 0.740069 0.012242 0.019389
1 0.600478 0.262905 0.019852 0.028319
1 0.336991 0.056880 0.018628 0.031907
1 0.590499 0.833046 0.027544 0.035944
1 0.250572 0.844556 0.022398 0.032833
1 0.448849 0.251546 0.032557 0.044778
2 0.738005 0.549368 0.015198 0.022764
2 0.691634 0.656312 0.010794 0.014227
2 0.604926 0.645500 0.010305 0.016778
2 0.952233 0.844560 0.012242 0.019389
2 0.991579 0.898963 0.012242 0.019389
2 0.295986 0.651123 0.009331 0.017662
1 0.577855 0.803924 0.019961 0.046662
7 0.637396 0.600725 0.042734 0.052782
1 0.553969 0.622653 0.034318 0.040796
2 0.517488 0.670986 0.012242 0.019389
1 0.443507 0.460736 0.027383 0.032852
7 0.630199 0.243866 0.035341 0.041880
1 0.600065 0.381692 0.024818 0.029394
2 0.208064 0.704662 0.012242 0.019389
2 0.309823 0.737472 0.013687 0.022833
2 0.428595 0.651125 0.012242 0.019389
9 0.832987 0.109278 0.036432 0.064769
7 0.376708 0.218701 0.051115 0.061440
2 0.241579 0.669259 0.012242 0.019389
7 0.399687 0.670979 0.045052 0.052208
