1 0.69555338541666666963 0.56096296296296288553 0.05738802083333342102 0.08442592592592587653
1 0.73381119791666671315 0.56154629629629637666 0.01649218749999998082 0.03635185185185184353
1 0.44819270833333330062 0.67881250000000004086 0.02440625000000000780 0.03166203703703708572
1 0.83044791666666673002 0.32935416666666667007 0.06596354166666670849 0.07856944444444445563
7 0.74007812500000003109 0.85237037037037033382 0.03430208333333339965 0.05042592592592585327
2 0.64443098958333322468 0.76969675925925928883 0.01187239583333325223 0.01876388888888887510
2 0.95940494791666663943 0.81367129629629630916 0.01780989583333330087 0.02227777777777772625
2 0.58671354166666667140 0.90455324074074072715 0.01517187500000005684 0.02580092592592593548
9 0.20149088541666668184 0.70578472222222221610 0.03100260416666665575 0.03635648148148146880
9 0.71039453124999996092 0.50525694444444446685 0.01847135416666674176 0.03166203703703697470
