1 0.50933854166666669983 0.37487268518518518379 0.01309895833333332184 0.02752314814814816810
1 0.75426171874999992095 0.55729861111111100858 0.06311718750000008815 0.08327314814814820720
1 0.72528385416666674157 0.48919675925925926174 0.01945312500000007105 0.02469907407407403305
1 0.80467578124999994404 0.67338657407407398470 0.02103906249999999006 0.02893055555555556005
7 0.54804166666666664920 0.14058101851851850794 0.04207812499999998013 0.03881018518518517674
7 0.90887760416666674157 0.14058101851851853570 0.04763541666666668700 0.04728240740740741882
7 0.19693359374999996891 0.27643055555555556824 0.02659635416666666571 0.04234259259259261221
2 0.87600781249999992717 0.80616435185185186807 0.02127604166666662022 0.02600462962962966224
2 0.37733723958333331705 0.93678009259259253927 0.01462760416666662559 0.02718981481481482290
2 0.51364062500000007283 0.72401388888888884576 0.01329687500000004477 0.02482407407407413030
2 0.56483723958333342807 0.91786805555555561753 0.01329947916666670941 0.02009722222222215526
7 0.95571875000000006128 0.34135416666666668073 0.06430729166666668273 0.05504166666666666236
2 0.74502343750000010747 0.67732407407407402289 0.01329687499999998579 0.02127777777777779475
8 0.53630078125000002487 0.46728009259259262187 0.01527343749999996413 0.02560648148148150782
