1 0.597049 0.109213 0.021125 0.038024
1 0.564609 0.102416 0.018878 0.033533
1 0.607676 0.041677 0.030867 0.042680
1 0.746053 0.413479 0.031110 0.048173
7 0.389714 0.399074 0.048698 0.062037
1 0.433632 0.071192 0.034643 0.050908
1 0.421244 0.181482 0.017841 0.035319
1 0.264576 0.492817 0.022142 0.045427
1 0.575019 0.056723 0.019803 0.033981
7 0.345185 0.693572 0.043727 0.063794
2 0.785309 0.841992 0.016389 0.026627
2 0.464764 0.805943 0.017086 0.026341
1 0.380287 0.097176 0.024471 0.039259
1 0.615342 0.643681 0.026013 0.045391
1 0.228359 0.262712 0.019809 0.033529
1 0.261319 0.613954 0.043093 0.063152
1 0.334961 0.775616 0.022046 0.042862
1 0.288217 0.130582 0.020783 0.040799
2 0.607984 0.485892 0.014595 0.021815
1 0.511416 0.555355 0.025031 0.038043
1 0.696224 0.430093 0.033073 0.037037
7 0.398438 0.264352 0.053646 0.055556
1 0.064974 0.461574 0.030469 0.069444
1 0.401498 0.329408 0.014218 0.026163
1 0.337661 0.404384 0.018617 0.029869
2 0.780852 0.742191 0.011740 0.020923
1 0.497709 0.134259 0.020528 0.035493
3 0.681696 0.147825 0.075429 0.074777
7 0.448047 0.451389 0.047135 0.054630
1 0.587172 0.203565 0.015628 0.030915
2 0.013523 0.780904 0.019129 0.027727
2 0.148436 0.383845 0.014270 0.022333
1 0.504970 0.440063 0.021729 0.035436
1 0.307678 0.126417 0.013265 0.029334
7 0.742578 0.342130 0.038802 0.041667
1 0.425685 0.035469 0.015113 0.031294
2 0.883414 0.689986 0.012904 0.022432
3 0.028102 0.669502 0.056203 0.108469
1 0.304647 0.505376 0.028034 0.039728
1 0.474196 0.301446 0.013177 0.025078
9 0.122786 0.266435 0.071094 0.087500
1 0.575871 0.207715 0.019491 0.034563
1 0.572924 0.210105 0.016041 0.030561
2 0.689670 0.813816 0.011017 0.020671
1 0.755700 0.621072 0.020008 0.034356
2 0.551975 0.534590 0.010450 0.017752
1 0.250599 0.541906 0.058419 0.079279
1 0.814298 0.564819 0.031375 0.053656
1 0.508380 0.350096 0.025712 0.034880
1 0.511352 0.348617 0.019610 0.031286
