2 0.62750260416666658880 0.67196990740740736303 0.00917708333333339468 0.01981018518518516680
2 0.74321354166666653285 0.87121064814814819233 0.01639062500000001282 0.02902314814814817290
2 0.44000260416666669983 0.71031481481481484330 0.01180208333333331722 0.02214814814814821536
2 0.18530338541666668828 0.22028009259259259678 0.02294531250000000216 0.02575462962962962732
2 0.64159635416666671581 0.63461574074074078577 0.01507812499999990584 0.03135185185185186685
7 0.43377343750000002531 0.22377546296296296768 0.06359375000000001832 0.05349537037037037368
7 0.51375520833333332416 0.41375462962962966662 0.07801562500000004674 0.07937037037037034115
2 0.62291276041666654439 0.49650462962962954583 0.02753385416666667002 0.03251851851851852299
2 0.95759374999999991029 0.43770370370370370594 0.01639062500000001282 0.03147222222222217924
7 0.78451692708333331527 0.41433564814814816124 0.08588281249999998868 0.08496759259259258068
3 0.12171093750000000488 0.36713425925925924354 0.13964062500000001821 0.10477777777777774748
3 0.31707812499999998845 0.58164351851851847641 0.13439583333333332549 0.12820370370370362534
