2 0.089543 0.492225 0.009664 0.014718
2 0.775422 0.728845 0.011599 0.019903
7 0.463374 0.084616 0.037622 0.044213
2 0.655927 0.898100 0.011599 0.019903
2 0.890855 0.684002 0.019268 0.028477
2 0.057482 0.602766 0.011599 0.019903
7 0.540319 0.129963 0.051836 0.061000
3 0.205499 0.192069 0.153602 0.154694
2 0.398232 0.432201 0.009161 0.013838
2 0.111363 0.653560 0.014607 0.022463
2 0.703497 0.729884 0.017495 0.029750
2 0.715188 0.826424 0.011599 0.019903
1 0.361717 0.578606 0.036893 0.046944
1 0.679777 0.200486 0.020414 0.036213
2 0.333875 0.329007 0.014021 0.018162
2 0.164831 0.812609 0.011599 0.019903
1 0.438676 0.370627 0.019758 0.041477
2 0.030279 0.805701 0.011599 0.019903
2 0.487857 0.778056 0.011599 0.023333
2 0.198596 0.702479 0.011599 0.019903
7 0.687258 0.258644 0.050380 0.064472
1 0.650460 0.249498 0.016107 0.029894
2 0.647669 0.475822 0.008188 0.016458
1 0.455585 0.164227 0.020065 0.030472
1 0.436458 0.359403 0.016141 0.035991
1 0.338215 0.365949 0.016893 0.028843
1 0.567661 0.221479 0.026401 0.038069
2 0.554891 0.727118 0.011599 0.019903
7 0.779792 0.269431 0.070297 0.065324
2 0.577234 0.779794 0.011599 0.019903
2 0.616098 0.909317 0.008690 0.014699
7 0.410237 0.193690 0.070297 0.065324
2 0.747000 0.778926 0.008187 0.018167
1 0.525068 0.327632 0.024818 0.040032
2 0.658357 0.658900 0.007714 0.016458
2 0.682405 0.673139 0.008211 0.015574
2 0.247896 0.479275 0.008187 0.016458
2 0.788505 0.558905 0.015917 0.024227
2 0.609784 0.863139 0.007724 0.017333
2 0.736566 0.774190 0.009643 0.015602
2 0.528422 0.718917 0.008208 0.015593
2 0.576270 0.911060 0.010638 0.019917
2 0.532062 0.752586 0.015479 0.025940
2 0.605160 0.747417 0.009159 0.019056
1 0.944467 0.600644 0.019430 0.068222
1 0.577003 0.331366 0.017375 0.034722
1 0.270465 0.470317 0.017680 0.035329
2 0.709109 0.698623 0.008187 0.016458
2 0.185228 0.800521 0.010117 0.016458
2 0.572789 0.664843 0.010661 0.016917
1 0.985513 0.541488 0.023802 0.024181
2 0.183290 0.502590 0.008185 0.016458
1 0.326409 0.462315 0.026109 0.046361
2 0.840335 0.716722 0.017393 0.026694
2 0.045823 0.800521 0.011599 0.019903
2 0.158518 0.506910 0.009161 0.016458
2 0.258578 0.702502 0.008677 0.017310
2 0.679238 0.597141 0.009648 0.017292
9 0.271352 0.362519 0.046703 0.076259
2 0.005992 0.896801 0.011599 0.025935
2 0.061370 0.481014 0.015490 0.025102
2 0.218745 0.431778 0.009646 0.016444
2 0.543661 0.677049 0.014552 0.024375
2 0.593284 0.718067 0.015609 0.024153
1 0.028583 0.236991 0.057167 0.103130
1 0.648594 0.072086 0.016755 0.027653
2 0.052374 0.385144 0.009159 0.019898
2 0.662727 0.390329 0.008188 0.016454
2 0.500971 0.772887 0.011599 0.019903
2 0.122086 0.756479 0.011599 0.019903
