1 0.34157291666666661500 0.95402083333333331794 0.04138020833333330012 0.08735648148148161818
1 0.18155208333333336390 0.14597685185185185763 0.02392187500000000216 0.03908333333333331716
1 0.52777864583333333748 0.30057407407407410460 0.02327604166666669486 0.04482407407407404398
1 0.45956901041666664565 0.09253009259259259434 0.02650781250000005043 0.05402314814814813265
1 0.66420182291666662877 0.58907870370370363222 0.01680989583333326182 0.04942592592592592177
7 0.86915885416666660568 0.83103472222222218857 0.07111979166666664021 0.09425462962962959101
2 0.59987109375000002842 0.60057407407407403799 0.01099218750000000890 0.01494444444444453790
2 0.94803906250000002931 0.75459722222222225252 0.00905208333333327141 0.02643518518518514146
7 0.38844791666666661500 0.58908101851851846220 0.05495833333333337983 0.07241203703703696926
2 0.39232682291666665098 0.58735416666666662167 0.01745572916666665933 0.02988425925925923890
2 0.22810416666666666341 0.87471064814814813992 0.01874999999999999931 0.02758796296296302936
2 0.55008593750000001066 0.69482638888888881290 0.01228645833333340959 0.02873611111111108035
2 0.60051692708333326287 0.67471296296296301431 0.01616406250000004124 0.02528703703703709046
9 0.42303906249999995159 0.86666666666666669627 0.06465624999999999845 0.12413888888888882645
9 0.28564583333333332105 0.51494212962962970792 0.05754166666666664376 0.06896759259259260810
