9 0.677543 0.624361 0.010122 0.025630
1 0.742258 0.418870 0.074594 0.092120
8 0.688723 0.620463 0.009326 0.018426
1 0.438536 0.513588 0.042865 0.078241
1 0.534736 0.516877 0.037404 0.047495
1 0.035882 0.792655 0.069591 0.082616
1 0.872089 0.622204 0.018948 0.053556
7 0.473900 0.837574 0.038815 0.045148
7 0.578931 0.777028 0.031914 0.051880
9 0.352185 0.810683 0.039750 0.080884
2 0.208664 0.790303 0.016682 0.033005
9 0.718913 0.248891 0.042852 0.059347
1 0.893701 0.714162 0.025255 0.061306
1 0.530611 0.663250 0.018466 0.031093
8 0.528725 0.541424 0.015622 0.027931
