1 0.44641015625000002309 0.22486111111111112271 0.02854947916666663449 0.06322222222222222132
1 0.89145963541666661811 0.88693981481481476425 0.04408072916666665869 0.07124074074074078500
1 0.25731510416666669716 0.45239583333333333037 0.02321354166666669133 0.02678240740740741796
2 0.70913281249999993161 0.44881944444444449305 0.01402604166666670052 0.03205555555555555935
2 0.69485677083333330373 0.43813425925925925108 0.01152083333333327707 0.01959259259259256425
2 0.65904166666666674779 0.93413888888888885198 0.02604687499999999364 0.03562037037037039250
2 0.49474739583333332549 0.91721759259259261210 0.01102083333333331652 0.01959259259259256425
2 0.45767968749999998757 0.91944444444444439757 0.00901562499999997158 0.01691666666666664931
2 0.27410026041666668561 0.81303009259259262365 0.01051822916666669307 0.01424537037037036137
2 0.27209635416666666519 0.98489583333333330373 0.00951562499999999110 0.01958796296296314715
2 0.37803645833333326953 0.86289583333333330639 0.00901562500000003056 0.01781018518518519625
9 0.44312369791666661456 0.48678009259259258368 0.02590364583333333928 0.06000462962962963692
