1 0.498185 0.467037 0.055557 0.080278
1 0.435392 0.903285 0.028122 0.038523
1 0.330964 0.849301 0.017448 0.044546
7 0.800540 0.833338 0.036789 0.050769
8 0.773233 0.597139 0.016034 0.028222
8 0.317426 0.435891 0.020409 0.022199
1 0.367872 0.734447 0.020349 0.049718
7 0.427624 0.469778 0.035310 0.046528
8 0.655884 0.262296 0.035680 0.064667
2 0.461871 0.951650 0.012664 0.020403
8 0.693372 0.247113 0.038901 0.077718
1 0.517724 0.644206 0.034927 0.052329
1 0.746275 0.582037 0.022773 0.040259
8 0.228745 0.465199 0.015062 0.023954
2 0.113190 0.944650 0.017672 0.029458
7 0.590348 0.719333 0.046961 0.053417
7 0.470324 0.316278 0.035310 0.046528
2 0.552096 0.858009 0.014245 0.023611
2 0.654940 0.779403 0.011557 0.019139
1 0.755598 0.657972 0.022773 0.040259
2 0.364556 0.966593 0.012174 0.020389
