2 0.708141 0.224095 0.033057 0.033690
2 0.868061 0.861778 0.026107 0.041676
9 0.388145 0.281748 0.081685 0.147208
2 0.382349 0.842190 0.013740 0.020694
2 0.226766 0.344125 0.009370 0.016370
2 0.869563 0.234727 0.015094 0.025917
1 0.392148 0.661854 0.022005 0.054569
1 0.566418 0.615120 0.022289 0.046296
2 0.744085 0.532817 0.033810 0.034366
1 0.279487 0.050569 0.036214 0.061426
7 0.189853 0.394683 0.086951 0.079449
2 0.663698 0.142486 0.015094 0.025917
2 0.148076 0.759507 0.012286 0.023301
1 0.516443 0.708164 0.021922 0.034310
1 0.461973 0.318981 0.023763 0.037380
1 0.446337 0.279921 0.018398 0.035991
2 0.720530 0.293174 0.020919 0.030227
2 0.320273 0.528495 0.013740 0.020694
1 0.555910 0.076102 0.029935 0.038574
7 0.222635 0.284968 0.060719 0.065620
1 0.416124 0.025188 0.025513 0.039681
1 0.489081 0.278616 0.017156 0.034944
2 0.227495 0.427037 0.007906 0.016389
2 0.670020 0.243956 0.022878 0.030236
3 0.651073 0.051806 0.107333 0.072963
1 0.104840 0.099301 0.040581 0.071769
2 0.420426 0.775711 0.013289 0.024199
2 0.755505 0.235752 0.015094 0.025912
1 0.658056 0.357127 0.029346 0.039542
1 0.268057 0.642477 0.045802 0.087361
6 0.553828 0.234199 0.050156 0.180620
1 0.503171 0.582225 0.023659 0.031644
2 0.705973 0.929660 0.013326 0.022079
1 0.595516 0.283109 0.035474 0.063384
1 0.901780 0.377847 0.045826 0.075870
1 0.565464 0.380697 0.116083 0.128051
1 0.948344 0.323391 0.045198 0.103782
8 0.542281 0.382125 0.022135 0.036361
7 0.330444 0.759062 0.114513 0.102986
1 0.456275 0.241903 0.028773 0.036593
1 0.685556 0.372192 0.029346 0.039542
1 0.148806 0.834625 0.033654 0.072694
6 0.037508 0.719137 0.075016 0.253977
1 0.833708 0.589819 0.033260 0.038787
2 0.687276 0.473336 0.015849 0.023995
1 0.629624 0.349581 0.017862 0.032532
2 0.753564 0.272882 0.019956 0.031088
1 0.329432 0.329315 0.033589 0.042565
1 0.734083 0.425697 0.028411 0.047403
2 0.533595 0.688245 0.016992 0.023731
2 0.193172 0.538940 0.012219 0.019287
1 0.130629 0.038981 0.034732 0.051667
2 0.635770 0.142928 0.020440 0.030255
