2 0.46133854166666665719 0.75232407407407408950 0.01507812500000002380 0.02214814814814821536
2 0.83568229166666663232 0.76864120370370359048 0.01245833333333337158 0.02214351851851859010
2 0.54164843750000002398 0.78379398148148138326 0.02229166666666664368 0.03380092592592592177
2 0.90648697916666665098 0.90558564814814812571 0.01114583333333326286 0.03263425925925926563
2 0.34398697916666670649 0.72610185185185194268 0.01901041666666666505 0.02797222222222215185
2 0.34759244791666671359 0.95628703703703699102 0.01179947916666671155 0.01981481481481479207
2 0.28563802083333328374 0.94346759259259260766 0.02032291666666665580 0.02680555555555559633
7 0.68047656250000010392 0.46037037037037042975 0.05389583333333334420 0.06226851851851857023
2 0.80913151041666664387 0.70512268518518517180 0.01835677083333327533 0.03030092592592594641
3 0.24892578125000000555 0.22959722222222223031 0.14357552083333330328 0.12354629629629630683
