1 0.40331901041666662344 0.10804398148148147696 0.03038802083333328949 0.07126388888888887663
2 0.65773697916666662433 0.77356250000000004174 0.01422395833333330549 0.02529166666666671573
2 0.76377083333333339876 0.35746990740740741677 0.01551562499999998082 0.02298611111111115157
2 0.64318880208333328863 0.91493981481481478912 0.02650781249999999145 0.04137962962962968283
2 0.50256380208333328863 0.67528472222222224453 0.01292968750000002449 0.02873611111111118790
7 0.58693880208333337745 0.35459722222222223031 0.05754427083333327891 0.05632407407407406114
2 0.30310286458333329795 0.84942592592592591760 0.01228385416666668596 0.02528703703703698638
2 0.87045312499999993872 0.50344675925925919113 0.01939583333333333784 0.02298611111111115157
2 0.56786588541666671581 0.21839120370370371238 0.02069010416666661883 0.02298611111111112729
2 0.58079687500000010125 0.59195370370370370416 0.01551562500000009878 0.02299074074074078031
2 0.57109895833333335080 0.95862037037037028941 0.02715624999999993391 0.03448148148148148795
2 0.59760807291666673269 0.40057407407407408240 0.01551822916666670445 0.03333333333333333287
2 0.55913802083333341564 0.24942361111111110983 0.02263020833333335632 0.02988425925925923890
2 0.47023697916666667984 0.75172453703703701056 0.01422395833333330549 0.02068981481481473386
