9 0.513145 0.696277 0.067686 0.095938
1 0.506690 0.200926 0.020161 0.043586
1 0.420292 0.434711 0.024913 0.043355
2 0.755874 0.925655 0.019103 0.026974
9 0.532590 0.590437 0.018111 0.059529
1 0.478742 0.195024 0.026607 0.049313
1 0.726631 0.606654 0.025669 0.038783
1 0.787904 0.128856 0.019561 0.041201
1 0.561961 0.771115 0.014737 0.024934
1 0.464612 0.784995 0.021082 0.037408
1 0.580282 0.659140 0.020776 0.050181
1 0.552875 0.625064 0.015620 0.035813
1 0.760354 0.433511 0.020021 0.033367
1 0.800356 0.285938 0.018900 0.033430
7 0.292826 0.895115 0.070599 0.102958
1 0.619300 0.768213 0.013957 0.023517
