1 0.262362 0.094277 0.022954 0.045362
7 0.615972 0.433077 0.054552 0.073294
1 0.554115 0.362976 0.023754 0.043380
7 0.633126 0.184996 0.049684 0.065982
1 0.685781 0.267582 0.019335 0.036580
1 0.179688 0.462037 0.026042 0.050000
2 0.680074 0.849666 0.014676 0.026427
7 0.252734 0.360880 0.044010 0.060648
1 0.335524 0.446982 0.019200 0.037657
1 0.544295 0.164920 0.015145 0.028764
1 0.720440 0.220604 0.019985 0.035659
1 0.679640 0.070164 0.020034 0.033779
1 0.603936 0.163625 0.031120 0.047900
1 0.716536 0.262963 0.019010 0.027778
1 0.342569 0.086647 0.028832 0.050153
1 0.605242 0.097854 0.018081 0.031066
1 0.586616 0.217926 0.019216 0.032745
1 0.439418 0.304455 0.022611 0.036941
1 0.690867 0.478171 0.030172 0.045253
2 0.815899 0.868841 0.017642 0.032656
7 0.771761 0.870052 0.056411 0.082813
7 0.222039 0.225392 0.060819 0.076132
1 0.050678 0.218816 0.032003 0.050406
1 0.457494 0.114267 0.016789 0.032682
1 0.635456 0.381851 0.021557 0.036518
1 0.590170 0.083577 0.017053 0.034533
1 0.549567 0.324423 0.020987 0.035960
