9 0.585444 0.413281 0.087203 0.131936
2 0.775720 0.964592 0.011899 0.019044
9 0.120628 0.490621 0.055661 0.073573
2 0.324135 0.897545 0.013550 0.022187
1 0.214968 0.291620 0.022818 0.043964
1 0.270600 0.263399 0.017351 0.036309
1 0.970113 0.743883 0.059164 0.118149
1 0.478058 0.510140 0.016929 0.033135
1 0.543591 0.080988 0.015377 0.031701
1 0.427152 0.160184 0.031040 0.050243
1 0.810604 0.139305 0.029006 0.041464
1 0.392040 0.341773 0.014467 0.029033
2 0.577152 0.954395 0.013893 0.023277
7 0.561319 0.960392 0.065156 0.076019
1 0.414401 0.130293 0.019422 0.034020
1 0.986177 0.744384 0.027396 0.114484
7 0.309930 0.500445 0.034521 0.044572
2 0.376728 0.989991 0.012490 0.019918
2 0.897608 0.979733 0.011114 0.018896
2 0.785914 0.874791 0.008720 0.016891
1 0.567559 0.094430 0.015648 0.028931
1 0.284674 0.243349 0.013152 0.026849
2 0.804890 0.658234 0.012339 0.020849
1 0.827344 0.269744 0.018963 0.030255
9 0.452713 0.159986 0.018741 0.035774
1 0.344168 0.427122 0.016962 0.035864
1 0.789087 0.102638 0.032220 0.053568
2 0.597876 0.993138 0.010699 0.013724
7 0.260480 0.618480 0.043887 0.053198
2 0.073754 0.804944 0.014020 0.024016
