1 0.685240 0.064169 0.023083 0.045826
1 0.653869 0.075017 0.025462 0.057464
1 0.320282 0.146646 0.031403 0.053137
2 0.514423 0.925969 0.013537 0.023108
7 0.890821 0.539472 0.050303 0.064738
1 0.356269 0.265509 0.020183 0.038581
1 0.383382 0.266663 0.033688 0.046876
9 0.438711 0.068117 0.029165 0.120529
1 0.501692 0.289796 0.022075 0.038011
1 0.534885 0.154623 0.018096 0.039448
2 0.584245 0.630596 0.009346 0.016799
1 0.162926 0.468862 0.019051 0.038894
2 0.920158 0.530371 0.017316 0.027258
1 0.455077 0.303155 0.022488 0.044340
1 0.490174 0.232206 0.018846 0.037686
1 0.048402 0.138867 0.033253 0.070294
1 0.703788 0.215471 0.038954 0.057273
1 0.552780 0.148762 0.021963 0.042174
1 0.774567 0.538477 0.018797 0.037022
1 0.339325 0.322920 0.024715 0.057008
2 0.857181 0.807880 0.015642 0.025862
1 0.043333 0.182339 0.028197 0.055659
1 0.436233 0.185626 0.023699 0.045582
1 0.576156 0.156679 0.018690 0.034506
1 0.637118 0.181737 0.022865 0.038282
1 0.508850 0.152212 0.018549 0.039065
1 0.223181 0.044688 0.018034 0.029505
9 0.672298 0.302226 0.036271 0.086728
1 0.316420 0.361525 0.068790 0.136808
1 0.106351 0.175304 0.025282 0.043825
