2 0.290358 0.907352 0.011580 0.020423
7 0.506934 0.759906 0.038944 0.052504
1 0.276066 0.315942 0.019436 0.035834
2 0.306537 0.850508 0.010393 0.017652
7 0.217466 0.637177 0.051391 0.060967
7 0.325631 0.794055 0.056739 0.065410
7 0.317945 0.415186 0.021293 0.032749
7 0.730889 0.456845 0.047907 0.061170
2 0.089961 0.824904 0.011748 0.019865
2 0.239985 0.871984 0.010587 0.018347
1 0.513607 0.249583 0.013070 0.020724
2 0.373465 0.695967 0.009183 0.015756
3 0.046625 0.542090 0.093250 0.144348
7 0.383895 0.429238 0.021362 0.032349
1 0.447583 0.393716 0.014522 0.028002
1 0.376505 0.245673 0.015236 0.026655
7 0.437819 0.650968 0.032829 0.044061
2 0.364597 0.829788 0.010567 0.017256
1 0.559343 0.174574 0.015034 0.025215
1 0.417759 0.178447 0.017841 0.029680
1 0.529427 0.343048 0.021963 0.030798
2 0.851866 0.763826 0.012778 0.023200
2 0.367741 0.525688 0.009368 0.016175
