7 0.566589 0.051164 0.068198 0.072153
1 0.395346 0.193644 0.037500 0.064306
0 0.096897 0.451206 0.020013 0.034236
7 0.777495 0.171238 0.061240 0.074319
8 0.307225 0.202801 0.087607 0.152167
1 0.735837 0.756947 0.085008 0.132125
2 0.675357 0.836787 0.017646 0.030870
3 0.893945 0.310264 0.212109 0.195157
2 0.742654 0.467532 0.017646 0.030870
2 0.504853 0.709852 0.014721 0.027426
2 0.852909 0.471475 0.016505 0.028958
2 0.602583 0.563192 0.017698 0.029449
1 0.551605 0.366863 0.038555 0.067227
3 0.783940 0.297817 0.089839 0.090245
9 0.522341 0.032817 0.031661 0.065384
1 0.534008 0.116618 0.028172 0.051810
9 0.366404 0.123875 0.055943 0.115472
2 0.902990 0.226574 0.059594 0.050463
2 0.589264 0.933775 0.014435 0.026079
3 0.622904 0.658472 0.076745 0.089815
2 0.905602 0.785838 0.017646 0.030870
1 0.470130 0.093690 0.032552 0.064750
7 0.389453 0.275755 0.070380 0.091648
3 0.187667 0.613586 0.311854 0.135597
