7 0.666375 0.101505 0.042260 0.056130
1 0.976042 0.322146 0.033031 0.041449
1 0.019590 0.494391 0.032435 0.044366
1 0.896865 0.927931 0.018458 0.026769
7 0.406005 0.158021 0.032052 0.042292
1 0.941552 0.757377 0.033031 0.034542
7 0.593750 0.114854 0.042260 0.056134
1 0.420342 0.755185 0.027596 0.099630
1 0.470576 0.638359 0.018151 0.031153
1 0.698185 0.662785 0.015922 0.035727
2 0.861400 0.891618 0.008258 0.015551
2 0.406004 0.271169 0.006794 0.014699
1 0.640939 0.177880 0.028315 0.035231
1 0.525120 0.315664 0.023682 0.040301
2 0.491983 0.489644 0.005826 0.014694
2 0.528663 0.543620 0.006320 0.017296
1 0.492518 0.300757 0.019932 0.032653
1 0.053599 0.485326 0.021760 0.033144
2 0.866743 0.950778 0.008258 0.021593
1 0.497199 0.410306 0.025451 0.034444
1 0.579178 0.839380 0.024669 0.036583
1 0.261453 0.255025 0.020302 0.033764
2 0.467701 0.857502 0.010693 0.021569
2 0.309582 0.361389 0.006305 0.013796
2 0.572372 0.532391 0.007266 0.015560
2 0.598611 0.417958 0.006320 0.016398
2 0.536194 0.716359 0.008258 0.021588
1 0.610134 0.060576 0.025878 0.036718
6 0.457214 0.359921 0.044604 0.138176
2 0.130346 0.177884 0.008266 0.018120
1 0.649611 0.866148 0.024669 0.036583
1 0.275743 0.608921 0.024669 0.036583
1 0.809186 0.671884 0.017971 0.029361
1 0.835902 0.503060 0.017003 0.038861
1 0.868934 0.400296 0.024773 0.033676
2 0.511906 0.563475 0.006812 0.015551
2 0.303517 0.118301 0.008747 0.018120
2 0.746517 0.517282 0.011654 0.019880
2 0.418156 0.622634 0.006812 0.012972
7 0.671953 0.037567 0.059740 0.062181
1 0.619742 0.589414 0.036432 0.040588
2 0.252081 0.833951 0.012958 0.019560
1 0.300513 0.635454 0.030448 0.042611
2 0.165322 0.164079 0.011180 0.023324
2 0.303757 0.916234 0.008258 0.021588
2 0.330227 0.132116 0.018453 0.019843
2 0.322706 0.357516 0.007297 0.014690
6 0.172305 0.511616 0.054984 0.163370
