1 0.605164 0.079177 0.032598 0.054314
1 0.466558 0.151624 0.018309 0.032952
1 0.601839 0.030780 0.021692 0.034482
1 0.613017 0.250174 0.025360 0.053015
6 0.179218 0.260816 0.053572 0.194788
1 0.441007 0.149599 0.017626 0.030035
1 0.303368 0.154741 0.022816 0.038531
1 0.695468 0.171312 0.022030 0.043771
1 0.957107 0.590035 0.040672 0.072813
1 0.487481 0.194126 0.021265 0.039813
1 0.222971 0.304217 0.024676 0.038642
1 0.447033 0.236725 0.020235 0.030747
1 0.509639 0.400800 0.023029 0.044356
1 0.281759 0.045429 0.021350 0.032745
1 0.051709 0.137525 0.036705 0.061174
6 0.720703 0.246991 0.054948 0.150463
1 0.353061 0.084835 0.015348 0.027416
1 0.405402 0.097583 0.016548 0.028003
2 0.285261 0.956201 0.017953 0.029118
1 0.077147 0.309903 0.043157 0.059109
1 0.461243 0.089802 0.020166 0.034630
5 0.951732 0.455832 0.096536 0.114203
1 0.382457 0.033616 0.017681 0.028618
1 0.826905 0.048992 0.029870 0.041285
1 0.347178 0.283902 0.020906 0.033952
1 0.575016 0.416050 0.019770 0.040772
