2 0.094154 0.492664 0.010911 0.019764
2 0.173820 0.752169 0.011891 0.024088
2 0.646211 0.493093 0.008484 0.018889
2 0.780762 0.654572 0.011393 0.022338
7 0.275583 0.311743 0.033323 0.039801
6 0.851023 0.332488 0.079198 0.171551
8 0.528309 0.068088 0.027607 0.038759
2 0.667099 0.838516 0.008484 0.018894
1 0.689285 0.715359 0.016221 0.044653
2 0.142729 0.751296 0.011885 0.018889
2 0.298900 0.681361 0.010430 0.022370
2 0.704987 0.812609 0.008484 0.018894
2 0.453368 0.681347 0.008487 0.018889
2 0.532060 0.322970 0.008484 0.018894
1 0.503397 0.321116 0.031070 0.040981
7 0.949809 0.656725 0.048872 0.066551
1 0.199811 0.712042 0.027201 0.071676
1 0.082988 0.686567 0.033518 0.044903
2 0.734618 0.518998 0.008487 0.018894
2 0.275583 0.766840 0.008484 0.018894
2 0.081279 0.640766 0.022078 0.022356
7 0.446078 0.271148 0.058573 0.057056
1 0.395395 0.344373 0.020029 0.031653
2 0.363984 0.857516 0.013333 0.025801
1 0.742626 0.894655 0.021831 0.042727
2 0.245951 0.526333 0.009453 0.019741
2 0.156818 0.769861 0.011885 0.021481
1 0.864561 0.569123 0.034487 0.043181
1 0.356790 0.431697 0.023227 0.051690
2 0.840754 0.975829 0.017711 0.029269
2 0.687500 0.973229 0.008484 0.018894
2 0.029551 0.790595 0.011888 0.021495
2 0.381967 0.953373 0.010440 0.018903
1 0.206368 0.427067 0.019914 0.033681
1 0.815501 0.624389 0.024773 0.032815
2 0.129375 0.580317 0.011406 0.024088
1 0.240626 0.734042 0.023878 0.047361
2 0.281411 0.553542 0.008484 0.018889
1 0.710336 0.710315 0.014573 0.057861
2 0.687014 0.437824 0.008487 0.018889
