1 0.203993 0.210762 0.029101 0.051642
1 0.595313 0.129167 0.016146 0.029630
6 0.350518 0.075178 0.051234 0.149847
1 0.730990 0.420139 0.019271 0.031944
1 0.484766 0.384028 0.026823 0.034722
1 0.367235 0.672086 0.021322 0.033081
6 0.516927 0.090046 0.041146 0.119907
6 0.315440 0.262208 0.044629 0.130481
1 0.705475 0.080380 0.024125 0.036844
1 0.337796 0.133764 0.015169 0.028545
6 0.559896 0.213657 0.037500 0.127315
1 0.688231 0.139135 0.025210 0.037937
1 0.109476 0.073441 0.021509 0.035099
6 0.281250 0.490509 0.063542 0.145833
6 0.658594 0.736343 0.068750 0.163426
1 0.639583 0.024306 0.020833 0.031019
6 0.770312 0.102546 0.039583 0.143056
1 0.837502 0.019530 0.022031 0.039060
1 0.410628 0.028143 0.017263 0.034088
