2 0.134717 0.846729 0.008846 0.017931
7 0.783193 0.563039 0.044786 0.053245
2 0.311039 0.971493 0.008531 0.018495
7 0.883745 0.770294 0.044786 0.053245
2 0.218505 0.701630 0.010958 0.015907
2 0.727331 0.892921 0.012422 0.021972
2 0.604922 0.969778 0.012422 0.021972
2 0.529868 0.615720 0.009013 0.016801
2 0.330720 0.795331 0.009029 0.018505
2 0.440010 0.396813 0.008052 0.017671
2 0.646457 0.800090 0.007086 0.015931
7 0.714951 0.656734 0.057911 0.062736
2 0.196411 0.803106 0.009521 0.018509
2 0.497081 0.636870 0.007557 0.012463
2 0.376137 0.985755 0.010487 0.019380
2 0.450603 0.703472 0.011758 0.020500
2 0.373223 0.790586 0.007878 0.017903
2 0.380026 0.811317 0.008854 0.017921
2 0.736806 0.560009 0.008055 0.015907
2 0.807095 0.895986 0.017320 0.030324
2 0.657094 0.723537 0.011417 0.018944
2 0.471349 0.693683 0.011057 0.018569
7 0.238180 0.752160 0.044786 0.053245
7 0.306122 0.481646 0.044786 0.053245
2 0.927988 0.505086 0.013549 0.022329
2 0.863344 0.889454 0.009510 0.018500
2 0.598363 0.701208 0.009992 0.018509
2 0.502913 0.648093 0.007560 0.014185
2 0.617555 0.816056 0.011453 0.016778
2 0.291121 0.857961 0.009518 0.021144
2 0.428353 0.542738 0.009023 0.015912
2 0.860190 0.898102 0.010974 0.018519
2 0.742391 0.977546 0.012422 0.021972
7 0.258581 0.801382 0.044786 0.053245
2 0.484939 0.635574 0.009513 0.015056
2 0.823021 0.854058 0.009500 0.020245
7 0.718591 0.761231 0.058391 0.069667
2 0.892487 0.635579 0.012422 0.021972
2 0.780276 0.808280 0.009500 0.011588
2 0.360349 0.971500 0.008052 0.016796
2 0.384880 0.937565 0.010844 0.018454
7 0.286271 0.615720 0.044786 0.053245
2 0.351846 0.984458 0.012422 0.021972
2 0.842210 0.908475 0.010961 0.018542
2 0.640870 0.727986 0.009510 0.016806
2 0.466354 0.930069 0.012422 0.021972
2 0.411350 0.917968 0.009315 0.013602
2 0.215592 0.433498 0.009023 0.015042
