2 0.356217 0.932644 0.011612 0.019907
2 0.855085 0.897236 0.011612 0.019907
2 0.593264 0.955097 0.011612 0.019907
2 0.491010 0.848019 0.009177 0.016463
2 0.537643 0.463308 0.008203 0.015606
2 0.449728 0.322118 0.009190 0.014745
5 0.336464 0.416792 0.050219 0.068731
2 0.337085 0.679440 0.011612 0.019907
2 0.813798 0.901556 0.008690 0.019907
2 0.750163 0.910190 0.011612 0.019907
2 0.574811 0.376519 0.008711 0.014741
2 0.232833 0.806553 0.007719 0.016431
2 0.778822 0.861829 0.011612 0.019907
2 0.468913 0.900694 0.011612 0.025093
2 0.202414 0.507810 0.012427 0.020046
2 0.420823 0.405868 0.007729 0.012986
2 0.371762 0.716755 0.011612 0.019907
2 0.762691 0.822343 0.016773 0.030407
2 0.446566 0.779792 0.011612 0.019907
2 0.423738 0.782384 0.011612 0.019907
2 0.431993 0.987051 0.011612 0.018176
2 0.823025 0.912782 0.011612 0.019907
2 0.325125 0.635157 0.009661 0.015611
2 0.475228 0.861829 0.011612 0.019907
2 0.399938 0.734032 0.009667 0.016472
2 0.535947 0.839380 0.011612 0.019907
9 0.764628 0.522801 0.027411 0.072917
2 0.580396 0.384285 0.008219 0.013005
2 0.757934 0.939551 0.011612 0.019907
2 0.406736 0.744377 0.007727 0.016431
2 0.244978 0.881688 0.008706 0.016440
7 0.337897 0.202840 0.065570 0.081144
1 0.593525 0.436824 0.019013 0.031806
2 0.607837 0.914509 0.011612 0.019907
2 0.313467 0.621762 0.008690 0.019903
2 0.591320 0.459405 0.007724 0.014708
3 0.790030 0.052086 0.113060 0.102782
2 0.527199 0.459405 0.009664 0.014708
2 0.249594 0.753880 0.008208 0.018167
2 0.449971 0.379542 0.008703 0.013880
2 0.428590 0.251734 0.007716 0.015606
2 0.627754 0.894648 0.011612 0.019907
1 0.814758 0.335067 0.071432 0.084847
2 0.473279 0.363993 0.010630 0.013866
