2 0.767648 0.679623 0.008203 0.015606
2 0.114074 0.735310 0.017440 0.019907
2 0.451424 0.761660 0.008203 0.015606
2 0.390706 0.726252 0.008203 0.015606
1 0.623143 0.414977 0.013115 0.019861
2 0.365932 0.912780 0.008203 0.015606
2 0.928432 0.921417 0.008203 0.015602
2 0.258096 0.689984 0.008203 0.015606
2 0.634552 0.644215 0.008203 0.015606
2 0.179652 0.388609 0.010643 0.019079
2 0.423737 0.753887 0.008203 0.015606
2 0.326103 0.624340 0.021805 0.025949
2 0.368362 0.563905 0.008203 0.015606
2 0.895401 0.934370 0.008203 0.015602
2 0.364477 0.733160 0.008203 0.015606
2 0.173089 0.696891 0.008203 0.015606
2 0.447297 0.990486 0.011604 0.019028
2 0.686042 0.192572 0.008203 0.015606
2 0.558776 0.912780 0.008203 0.015606
1 0.849018 0.793648 0.025745 0.032815
2 0.590836 0.569086 0.008203 0.015606
1 0.238180 0.495681 0.029630 0.043176
6 0.630242 0.733076 0.047526 0.133616
2 0.510201 0.807428 0.008203 0.015606
2 0.283354 0.968049 0.008203 0.015606
2 0.909974 0.638169 0.008203 0.015606
2 0.445109 0.918826 0.008203 0.015606
2 0.149043 0.711146 0.011602 0.019931
2 0.564120 0.763387 0.008203 0.015606
2 0.808453 0.603627 0.008203 0.015606
2 0.335818 0.571676 0.008203 0.015602
2 0.233807 0.908465 0.008203 0.015606
2 0.398479 0.403282 0.008203 0.015602
2 0.022507 0.488775 0.017440 0.019903
2 0.884716 0.638169 0.008203 0.015606
2 0.523802 0.756477 0.008203 0.015602
2 0.549060 0.807428 0.008203 0.015606
2 0.411112 0.987477 0.009182 0.018194
2 0.601523 0.721072 0.008203 0.015606
2 0.395562 0.664076 0.008203 0.015606
2 0.358646 0.816928 0.008203 0.015606
2 0.349417 0.721933 0.008203 0.015606
2 0.256154 0.554405 0.008203 0.015606
2 0.581607 0.949914 0.008203 0.015606
2 0.525745 0.776340 0.008203 0.015606
1 0.460417 0.683975 0.025745 0.027634
2 0.758906 0.524178 0.008203 0.015606
2 0.648154 0.828150 0.008203 0.015606
2 0.409164 0.619171 0.008203 0.015602
2 0.875971 0.669257 0.008203 0.015606
2 0.827396 0.847150 0.008203 0.015606
1 0.748708 0.535447 0.018458 0.031079
2 0.466000 0.621322 0.009656 0.019023
2 0.494168 0.069090 0.014997 0.020801
2 0.274612 0.556993 0.008203 0.015606
2 0.558289 0.715891 0.008203 0.015606
2 0.504372 0.765113 0.008203 0.015606
2 0.805539 0.804836 0.008203 0.015606
2 0.282383 0.724525 0.008203 0.015606
2 0.914831 0.882558 0.008203 0.015606
2 0.766677 0.528498 0.008203 0.015606
1 0.619986 0.806565 0.026284 0.033880
2 0.529630 0.962002 0.008203 0.015606
2 0.073758 0.844551 0.016964 0.030250
2 0.869172 0.724525 0.008203 0.015606
2 0.345044 0.814336 0.008203 0.015606
2 0.133490 0.544907 0.010156 0.014722
2 0.542260 0.739206 0.008203 0.015606
2 0.337273 0.834197 0.008203 0.015606
2 0.239638 0.465461 0.008203 0.015606
