8 0.788287 0.793458 0.197054 0.334136
1 0.509599 0.082101 0.020683 0.039368
1 0.735197 0.206077 0.030728 0.053705
8 0.559907 0.717953 0.027748 0.056384
5 0.042128 0.250575 0.084003 0.121360
6 0.209145 0.393711 0.076190 0.247106
7 0.323110 0.257980 0.066421 0.076553
7 0.461615 0.911425 0.131258 0.172056
1 0.639835 0.218918 0.021571 0.040186
1 0.667268 0.108214 0.022841 0.043458
1 0.427477 0.109046 0.015769 0.029690
1 0.699378 0.220865 0.018969 0.044288
8 0.537561 0.557950 0.020240 0.033142
1 0.484556 0.132629 0.014777 0.036268
1 0.620406 0.227343 0.017324 0.035689
1 0.480603 0.243795 0.022811 0.038857
