2 0.292410 0.905382 0.016591 0.026208
2 0.390829 0.906532 0.025049 0.039981
1 0.827440 0.034412 0.014099 0.026315
2 0.702651 0.469937 0.012354 0.028736
2 0.658247 0.358387 0.012359 0.026190
7 0.342477 0.670377 0.083177 0.120301
1 0.422483 0.459225 0.030310 0.041356
2 0.184216 0.452389 0.013078 0.033741
1 0.577355 0.100523 0.020128 0.035815
1 0.452581 0.140074 0.019344 0.049602
2 0.470749 0.862155 0.016591 0.026208
1 0.672862 0.038222 0.048839 0.056056
2 0.956415 0.769424 0.016591 0.026208
2 0.705128 0.577062 0.013078 0.027449
2 0.067553 0.615289 0.016591 0.026208
1 0.527510 0.592683 0.019031 0.032579
2 0.639921 0.605262 0.016591 0.026208
6 0.847689 0.375255 0.152320 0.372889
2 0.916941 0.586465 0.016591 0.026208
2 0.283952 0.958646 0.016591 0.026208
7 0.399559 0.494356 0.063451 0.086454
2 0.928926 0.754387 0.016591 0.026208
1 0.719288 0.881528 0.163664 0.174537
1 0.351288 0.534414 0.021852 0.046366
2 0.336819 0.783206 0.016591 0.026208
2 0.854910 0.685465 0.016591 0.026208
2 0.083764 0.602757 0.016591 0.026208
1 0.369616 0.214236 0.016211 0.040102
1 0.640103 0.717697 0.130367 0.189375
