1 0.849115 0.091165 0.025466 0.043089
5 0.387549 0.558487 0.065035 0.116476
6 0.515875 0.239352 0.078792 0.215240
1 0.694527 0.035786 0.016649 0.033832
6 0.803784 0.492655 0.042322 0.173752
1 0.461553 0.136261 0.036216 0.048643
6 0.230849 0.352322 0.046815 0.170959
1 0.413252 0.456925 0.019472 0.030898
1 0.076986 0.754720 0.049416 0.068636
1 0.641801 0.310843 0.036598 0.044801
6 0.710663 0.101774 0.043082 0.120693
6 0.963898 0.438481 0.047389 0.131356
1 0.738040 0.474711 0.055898 0.084663
1 0.375446 0.444004 0.016055 0.031797
1 0.519696 0.375806 0.012510 0.027664
1 0.564022 0.071384 0.023922 0.047265
1 0.984509 0.028461 0.017494 0.032443
1 0.505744 0.061082 0.014876 0.026282
1 0.664128 0.691887 0.024581 0.034215
1 0.531160 0.624333 0.014865 0.026044
1 0.745660 0.056785 0.016021 0.034652
6 0.779854 0.084726 0.060479 0.132425
