2 0.542842 0.926852 0.016013 0.028056
2 0.482689 0.691829 0.016013 0.028056
1 0.499822 0.121389 0.025034 0.039102
2 0.400150 0.959185 0.016013 0.028056
2 0.514165 0.657009 0.016013 0.028056
1 0.408275 0.243819 0.034201 0.045880
1 0.970941 0.788468 0.031576 0.077722
6 0.406987 0.413563 0.140312 0.361653
2 0.208491 0.736593 0.016013 0.028056
2 0.281837 0.942356 0.016013 0.028056
6 0.686996 0.064757 0.041643 0.129514
5 0.200823 0.050560 0.080490 0.069065
2 0.435822 0.818667 0.016013 0.028056
2 0.195900 0.778875 0.016013 0.028056
1 0.521865 0.094597 0.020401 0.030222
2 0.360978 0.923120 0.016013 0.028056
2 0.588310 0.547579 0.016016 0.028056
2 0.526056 0.940532 0.016013 0.028056
5 0.913216 0.432549 0.142734 0.075273
2 0.505072 0.783847 0.016013 0.028056
5 0.079531 0.065169 0.095990 0.079106
2 0.162324 0.752759 0.016013 0.028056
2 0.360279 0.736593 0.016016 0.028056
6 0.824965 0.065625 0.117414 0.131250
2 0.147637 0.703019 0.016013 0.028056
2 0.821077 0.901005 0.016013 0.028056
2 0.213388 0.888301 0.021609 0.033028
7 0.731992 0.371178 0.113135 0.145431
1 0.446801 0.539426 0.021148 0.041352
2 0.346988 0.780116 0.016013 0.028056
1 0.543957 0.124725 0.020258 0.036903
1 0.591842 0.199183 0.019201 0.038625
2 0.780668 0.986257 0.016013 0.027486
2 0.007173 0.644574 0.014346 0.028056
2 0.118258 0.827370 0.016016 0.028056
2 0.089579 0.826125 0.016013 0.028056
5 0.066852 0.397731 0.082599 0.075278
2 0.453310 0.783847 0.016016 0.028056
2 0.017533 0.752759 0.016013 0.028056
