2 0.611725 0.745613 0.011977 0.023810
2 0.950775 0.606516 0.011977 0.023810
3 0.948441 0.264241 0.102539 0.151287
1 0.455970 0.237611 0.025758 0.033639
8 0.280799 0.387169 0.031719 0.045116
1 0.480664 0.070192 0.022339 0.039745
1 0.395121 0.205213 0.022779 0.037472
5 0.253810 0.088861 0.086380 0.082472
2 0.381932 0.986215 0.011974 0.023810
2 0.562383 0.902257 0.011974 0.023810
1 0.552764 0.128866 0.018299 0.034037
1 0.505478 0.600602 0.041560 0.049787
2 0.906368 0.695488 0.011977 0.023810
2 0.362900 0.976192 0.011977 0.023810
1 0.606081 0.164208 0.021245 0.033278
1 0.470762 0.168815 0.024862 0.039380
1 0.544150 0.069667 0.021388 0.036315
2 0.146499 0.616539 0.011977 0.023810
2 0.400965 0.922306 0.011977 0.023806
1 0.653466 0.736620 0.019292 0.043759
2 0.650493 0.274438 0.011977 0.023810
1 0.384066 0.266243 0.028195 0.036338
2 0.517270 0.865914 0.011977 0.023810
5 0.600505 0.314644 0.066568 0.148694
2 0.346687 0.909775 0.011974 0.023810
2 0.412242 0.901002 0.011974 0.023810
1 0.498258 0.756218 0.021146 0.041352
8 0.695798 0.725528 0.038544 0.058398
1 0.488760 0.252106 0.042182 0.058037
2 0.411538 0.956141 0.011977 0.023810
1 0.197270 0.272507 0.019737 0.021301
1 0.735100 0.830780 0.053570 0.065162
1 0.570676 0.152278 0.016513 0.030528
2 0.601152 0.890979 0.011977 0.023810
1 0.757303 0.760602 0.044409 0.070176
2 0.324132 0.931076 0.011977 0.023810
6 0.422043 0.092090 0.060190 0.137245
2 0.272674 0.961153 0.011974 0.023806
2 0.478876 0.860225 0.011977 0.023810
1 0.536415 0.135199 0.013805 0.028130
1 0.227582 0.533785 0.019737 0.035088
1 0.380638 0.034144 0.019021 0.032769
1 0.215598 0.395942 0.015508 0.037597
1 0.530652 0.185102 0.023310 0.038157
8 0.288323 0.437884 0.038990 0.038583
