6 0.914864 0.597021 0.141978 0.378443
6 0.639486 0.195412 0.062372 0.183782
1 0.140104 0.432870 0.113021 0.119444
6 0.377599 0.046409 0.035482 0.091414
1 0.758165 0.625190 0.063772 0.106341
5 0.524523 0.605788 0.155045 0.280414
2 0.496501 0.915114 0.016102 0.031493
1 0.475955 0.233359 0.020790 0.029460
2 0.525647 0.840413 0.015753 0.026930
1 0.464297 0.342784 0.043950 0.065891
6 0.510145 0.228429 0.039371 0.124981
1 0.336300 0.050316 0.013963 0.024593
1 0.454088 0.219968 0.023687 0.031634
6 0.560677 0.344444 0.043229 0.121296
1 0.407716 0.363181 0.031508 0.042599
6 0.777045 0.315002 0.029100 0.076890
7 0.981942 0.273977 0.036117 0.095375
2 0.408614 0.830188 0.011828 0.021949
1 0.783422 0.146827 0.028671 0.047636
2 0.644614 0.799207 0.011358 0.021416
1 0.337393 0.278761 0.099264 0.083666
2 0.608987 0.882448 0.023303 0.035815
