2 0.306382 0.228678 0.015299 0.027745
2 0.246228 0.151581 0.015299 0.027745
2 0.744728 0.836863 0.015299 0.027745
2 0.028926 0.919766 0.015299 0.027745
2 0.600863 0.964845 0.015299 0.027745
2 0.649827 0.697488 0.015299 0.027745
2 0.118921 0.367951 0.015299 0.027745
7 0.566797 0.400887 0.084125 0.097986
2 0.863056 0.737382 0.015299 0.027745
2 0.285999 0.667197 0.015299 0.027745
1 0.423587 0.145627 0.019409 0.043227
2 0.263586 0.309618 0.024964 0.037532
1 0.095857 0.194343 0.027193 0.050074
6 0.335387 0.823931 0.116289 0.352139
2 0.330165 0.578109 0.015299 0.027745
2 0.844986 0.626502 0.015299 0.027745
2 0.810595 0.765359 0.015299 0.027745
7 0.439090 0.462667 0.084128 0.097981
1 0.838383 0.112988 0.024167 0.049171
2 0.507486 0.859660 0.015299 0.027745
2 0.176400 0.809919 0.015299 0.027745
1 0.465096 0.062891 0.029292 0.059662
1 0.079585 0.140363 0.040310 0.023319
1 0.529797 0.062949 0.025120 0.040898
2 0.789611 0.754998 0.015299 0.027745
8 0.076410 0.093609 0.033576 0.076106
6 0.617374 0.060669 0.061409 0.121338
2 0.708004 0.814067 0.015299 0.027745
1 0.509171 0.125451 0.021898 0.036116
2 0.453275 0.930025 0.015299 0.027745
2 0.618822 0.920803 0.015299 0.027745
2 0.379129 0.575623 0.015299 0.027745
1 0.521753 0.255019 0.020224 0.032111
2 0.437884 0.956141 0.015299 0.027745
2 0.651228 0.349303 0.015299 0.027745
2 0.119858 0.753961 0.015299 0.027745
1 0.330896 0.182532 0.028391 0.041009
2 0.290993 0.421424 0.015299 0.027745
2 0.900943 0.614072 0.018792 0.040190
2 0.804767 0.719766 0.015299 0.027745
2 0.604361 0.867850 0.015299 0.027745
2 0.854314 0.590234 0.015299 0.027745
2 0.120441 0.823391 0.015299 0.027745
9 0.550352 0.544782 0.083953 0.095074
2 0.112863 0.778831 0.015299 0.027745
2 0.359543 0.575623 0.015299 0.027745
7 0.794516 0.424095 0.084125 0.097986
1 0.601611 0.088255 0.019659 0.050935
