1 0.664323 0.196296 0.029167 0.022222
6 0.949893 0.458921 0.066279 0.210204
6 0.848007 0.710050 0.120756 0.579901
6 0.645349 0.474824 0.054653 0.263430
6 0.233541 0.803700 0.153515 0.392599
6 0.309547 0.502237 0.043890 0.125851
1 0.391416 0.042231 0.020778 0.034067
1 0.517499 0.015169 0.014411 0.027140
1 0.446484 0.396991 0.041406 0.033796
5 0.588932 0.188194 0.061198 0.082870
6 0.391857 0.237271 0.027602 0.092630
6 0.680863 0.899453 0.056106 0.200573
1 0.428836 0.250740 0.016311 0.025579
6 0.195501 0.036197 0.053216 0.072395
1 0.458432 0.101786 0.012711 0.021383
6 0.197215 0.177818 0.039445 0.130564
1 0.377309 0.255611 0.016750 0.029358
6 0.527000 0.812532 0.063905 0.187174
