2 0.485427 0.886009 0.010823 0.019963
1 0.509478 0.148137 0.034487 0.066495
2 0.684586 0.654576 0.010823 0.019968
2 0.540531 0.844611 0.010823 0.019963
8 0.710576 0.252352 0.016318 0.029065
2 0.641354 0.979275 0.010823 0.019968
2 0.656411 0.658032 0.010823 0.019963
2 0.496594 0.858815 0.010823 0.019963
6 0.133132 0.223762 0.099487 0.201319
2 0.688958 0.989639 0.010823 0.019963
2 0.453854 0.951641 0.010823 0.019968
7 0.267901 0.463627 0.074536 0.094903
1 0.925792 0.129437 0.052016 0.044329
1 0.681960 0.264171 0.068263 0.090398
2 0.351846 0.899829 0.010823 0.019963
6 0.690021 0.927734 0.066188 0.143125
6 0.700971 0.401646 0.102792 0.081356
2 0.357190 0.972366 0.010823 0.019963
6 0.714993 0.122938 0.117482 0.243005
2 0.754534 0.977549 0.010823 0.019968
6 0.156951 0.801380 0.155151 0.397241
2 0.967395 0.592870 0.025409 0.032907
7 0.351503 0.359769 0.074536 0.094907
7 0.582120 0.323308 0.074536 0.094903
1 0.222345 0.110669 0.026117 0.049625
1 0.465734 0.450718 0.068167 0.119491
8 0.660070 0.129211 0.047031 0.075977
6 0.565754 0.769333 0.053299 0.231194
2 0.482730 0.697995 0.010826 0.019963
1 0.624842 0.183111 0.035945 0.069083
6 0.629086 0.342220 0.055177 0.148699
1 0.279855 0.133484 0.023654 0.038931
2 0.642326 0.740069 0.010823 0.019963
2 0.441711 0.657167 0.010823 0.019963
2 0.655440 0.721935 0.010823 0.019963
2 0.623867 0.742660 0.010823 0.019968
2 0.653497 0.737479 0.010823 0.019968
