1 0.420194 0.156201 0.027086 0.049949
2 0.405897 0.578947 0.015779 0.028634
2 0.130288 0.365914 0.015779 0.028634
2 0.530663 0.929826 0.015779 0.028634
3 0.841185 0.463611 0.116307 0.110278
1 0.568526 0.177414 0.021672 0.050755
2 0.355147 0.704262 0.015779 0.028634
2 0.432684 0.679197 0.015779 0.028634
2 0.642741 0.406016 0.015779 0.028634
2 0.322721 0.354637 0.015781 0.028634
2 0.629348 0.926065 0.015779 0.028630
2 0.668116 0.882206 0.015779 0.028634
5 0.206781 0.767222 0.259880 0.465556
1 0.643568 0.192049 0.025005 0.046310
1 0.639587 0.721757 0.031721 0.042606
7 0.521711 0.266495 0.061698 0.091250
2 0.262102 0.423558 0.015781 0.028634
7 0.494382 0.496819 0.082471 0.099000
2 0.564499 0.941104 0.015779 0.028634
2 0.594103 0.612782 0.015779 0.028630
2 0.735785 0.869674 0.015779 0.028634
1 0.316366 0.173148 0.024930 0.036444
2 0.646264 0.894736 0.015779 0.028630
2 0.547581 0.976192 0.015781 0.028634
1 0.508389 0.146282 0.019180 0.040704
2 0.457001 0.850248 0.015779 0.028634
7 0.323426 0.279449 0.082471 0.099000
2 0.406603 0.541354 0.015779 0.028634
7 0.398849 0.442356 0.061698 0.091250
2 0.419290 0.692984 0.015779 0.028634
2 0.299460 0.384711 0.015779 0.028634
2 0.364310 0.354637 0.015781 0.028634
2 0.485551 0.429826 0.015779 0.028634
2 0.580710 0.739350 0.015779 0.028634
1 0.881969 0.193924 0.050292 0.069560
2 0.641331 0.969924 0.015781 0.028634
2 0.340344 0.347118 0.015781 0.028634
1 0.539197 0.135426 0.020206 0.045102
9 0.623672 0.022495 0.040719 0.044991
2 0.119009 0.355891 0.015779 0.028634
1 0.484335 0.139264 0.023268 0.041889
2 0.447242 0.946361 0.027766 0.049926
2 0.633577 0.859650 0.015779 0.028634
2 0.547581 0.927317 0.015781 0.028634
2 0.032309 0.407269 0.015779 0.028630
2 0.475682 0.424813 0.015781 0.028634
1 0.083784 0.451081 0.025375 0.050125
2 0.433389 0.384711 0.015779 0.028634
2 0.390391 0.936090 0.015781 0.028634
2 0.653314 0.957394 0.015779 0.028630
2 0.637806 0.899748 0.015779 0.028634
2 0.662478 0.967419 0.015779 0.028634
