6 0.469096 0.636450 0.079658 0.349576
9 0.555599 0.116204 0.219531 0.232407
5 0.859648 0.707186 0.197182 0.138317
1 0.438946 0.030483 0.028562 0.049012
1 0.392873 0.480760 0.032151 0.047352
1 0.255404 0.060844 0.019618 0.036249
1 0.689748 0.057092 0.036468 0.051418
5 0.283744 0.213574 0.115522 0.098117
2 0.402782 0.825511 0.015843 0.029787
1 0.454515 0.109985 0.025528 0.041617
9 0.102474 0.040741 0.039844 0.081481
1 0.150562 0.066982 0.024652 0.045581
1 0.892458 0.205856 0.024967 0.041779
1 0.736134 0.147200 0.020817 0.035097
6 0.674586 0.284730 0.039777 0.106508
1 0.222581 0.033295 0.031375 0.055218
