1 0.781974 0.565741 0.027490 0.078944
5 0.107230 0.516185 0.214461 0.235843
1 0.762349 0.115877 0.022990 0.046292
1 0.439712 0.190231 0.027018 0.044815
2 0.532073 0.709273 0.013891 0.028204
2 0.806273 0.408521 0.013891 0.028208
2 0.922581 0.690475 0.013891 0.028208
2 0.572956 0.278197 0.013891 0.028208
2 0.900729 0.421053 0.013891 0.028208
2 0.251523 0.755016 0.013891 0.028208
1 0.854190 0.201495 0.043135 0.063481
2 0.572251 0.107771 0.013888 0.028208
1 0.627021 0.436481 0.044245 0.080287
2 0.330475 0.867167 0.020945 0.034481
2 0.195137 0.968671 0.013888 0.028204
1 0.183878 0.831405 0.036656 0.043856
1 0.667723 0.428972 0.024763 0.050074
6 0.785910 0.229106 0.063206 0.168398
2 0.531368 0.221803 0.013888 0.028208
7 0.483103 0.323259 0.061326 0.075185
1 0.365387 0.499324 0.017622 0.056389
1 0.534293 0.068236 0.018997 0.041963
2 0.649083 0.154137 0.013891 0.028208
1 0.665669 0.858347 0.033130 0.075185
1 0.454555 0.863359 0.035245 0.050125
2 0.398496 0.980727 0.024466 0.038546
1 0.708314 0.763109 0.018326 0.060153
2 0.908483 0.677944 0.013888 0.028204
6 0.194493 0.301039 0.111789 0.295060
2 0.827421 0.397243 0.013888 0.028208
1 0.479133 0.539211 0.034490 0.044356
1 0.652276 0.604588 0.031719 0.099000
2 0.851516 0.430352 0.015396 0.024315
1 0.606000 0.445405 0.096365 0.121431
2 0.561678 0.615289 0.013888 0.028208
2 0.497534 0.745613 0.013891 0.028208
1 0.215949 0.811354 0.030310 0.068921
1 0.809818 0.634037 0.022557 0.057648
2 0.564497 0.197995 0.013891 0.028204
1 0.686111 0.662231 0.026081 0.058898
2 0.573142 0.934491 0.020945 0.034481
1 0.621965 0.869625 0.031721 0.062657
