2 0.901074 0.618150 0.015299 0.027745
6 0.535243 0.194921 0.066576 0.165296
2 0.539303 0.410729 0.015299 0.027745
2 0.186764 0.986428 0.015299 0.027144
2 0.638348 0.683808 0.015299 0.027745
1 0.245423 0.284313 0.074581 0.086106
1 0.047148 0.072111 0.042635 0.061426
2 0.611488 0.479373 0.015299 0.027745
2 0.807902 0.765882 0.015299 0.027745
2 0.599038 0.895988 0.015299 0.027745
1 0.110824 0.784512 0.049523 0.061181
6 0.788409 0.578606 0.121724 0.332491
8 0.332840 0.930002 0.028539 0.050736
2 0.074288 0.990905 0.015299 0.018190
2 0.102824 0.583831 0.015299 0.027745
2 0.888483 0.746484 0.015299 0.027745
8 0.432642 0.598884 0.037299 0.053944
2 0.947241 0.797220 0.015299 0.027745
8 0.137079 0.274965 0.061128 0.081032
2 0.260629 0.615164 0.015299 0.027745
7 0.347801 0.871655 0.112122 0.106097
1 0.959017 0.299537 0.033576 0.061185
9 0.529139 0.062273 0.071534 0.116676
1 0.189112 0.753657 0.026880 0.055093
2 0.624918 0.461465 0.015299 0.027745
1 0.450257 0.488204 0.075013 0.151333
8 0.466977 0.579750 0.037797 0.071991
6 0.701087 0.244012 0.084909 0.262097
2 0.637100 0.958646 0.015299 0.027745
2 0.969902 0.791248 0.015299 0.027745
1 0.771414 0.950894 0.031057 0.074611
2 0.519158 0.674854 0.015299 0.027745
2 0.547697 0.633072 0.015299 0.027745
2 0.517478 0.470419 0.015299 0.027745
2 0.601415 0.971808 0.015299 0.027745
