6 0.619043 0.408680 0.101480 0.236142
6 0.933021 0.484863 0.126751 0.311487
8 0.610807 0.551620 0.022135 0.034722
6 0.758073 0.255093 0.080208 0.272222
8 0.576011 0.793735 0.018957 0.027126
1 0.820312 0.256481 0.054167 0.063889
6 0.850231 0.105226 0.079516 0.161296
6 0.766016 0.610185 0.078385 0.194444
1 0.886198 0.593056 0.042708 0.120370
1 0.526923 0.464616 0.020425 0.032951
6 0.195703 0.119907 0.069531 0.213889
1 0.714619 0.363117 0.050578 0.057789
1 0.595182 0.765741 0.044531 0.072222
1 0.242448 0.103704 0.023438 0.037037
