1 0.652865 0.245602 0.036458 0.051389
1 0.391135 0.074273 0.024858 0.039932
6 0.331380 0.189120 0.045052 0.134722
1 0.443574 0.386149 0.016947 0.032625
1 0.566793 0.409058 0.023006 0.038521
1 0.672786 0.037269 0.024740 0.047685
1 0.459371 0.028979 0.026952 0.042591
1 0.230857 0.959408 0.056203 0.081184
1 0.458316 0.377905 0.015499 0.032091
1 0.244105 0.177692 0.022847 0.042593
1 0.685807 0.320370 0.046615 0.068519
2 0.539952 0.719553 0.021301 0.038890
1 0.858464 0.151620 0.024219 0.032870
2 0.554431 0.908076 0.028436 0.046273
6 0.404427 0.170370 0.054167 0.162037
1 0.731250 0.051620 0.029167 0.039352
6 0.527508 0.540379 0.041793 0.145033
1 0.448235 0.283543 0.023917 0.037502
1 0.574039 0.297596 0.015804 0.030549
