1 0.76716276041666675578 0.61668750000000005507 0.06895572916666665997 0.06581018518518512439
1 0.67860677083333331705 0.26956481481481481266 0.04355208333333327603 0.07742592592592592582
1 0.87640624999999994227 0.28958333333333335924 0.07331249999999998879 0.08907407407407411104
6 0.18449348958333333659 0.84017129629629627718 0.20754427083333334969 0.31034259259259266983
6 0.39951171875000002220 0.54732638888888884843 0.06387760416666665719 0.29356944444444443842
6 0.34807161458333335524 0.11379166666666667984 0.05883593749999995598 0.16562962962962962665
6 0.05938541666666666274 0.15626388888888889661 0.09568749999999999478 0.27815740740740740877
6 0.48617968750000001288 0.62651851851851847464 0.06559895833333335979 0.33861111111111108496
6 0.77285546875000010747 0.46666666666666667407 0.05237239583333336973 0.22057407407407408906
8 0.75130989583333329662 0.20446527777777775969 0.01982812499999996730 0.04244907407407406963
