1 0.497859 0.072363 0.019863 0.033520
6 0.234841 0.547404 0.078438 0.232467
1 0.347681 0.089611 0.019241 0.032136
1 0.425892 0.135593 0.023590 0.044076
1 0.434268 0.826571 0.032865 0.080027
1 0.529115 0.024031 0.021381 0.036549
5 0.175241 0.254831 0.216470 0.203175
6 0.314289 0.085563 0.054813 0.152668
1 0.385465 0.108071 0.019902 0.046610
1 0.469732 0.077031 0.017721 0.032759
1 0.478447 0.162561 0.015527 0.037486
1 0.367966 0.118621 0.016991 0.038233
1 0.437630 0.089519 0.021937 0.034479
1 0.490421 0.198972 0.015997 0.029543
6 0.433379 0.256059 0.030724 0.109756
1 0.657109 0.574410 0.031281 0.056160
1 0.181248 0.039681 0.036202 0.057710
1 0.462187 0.157487 0.016011 0.033378
1 0.252061 0.698401 0.092701 0.135004
6 0.287777 0.326288 0.039619 0.156324
