6 0.362694 0.509661 0.059791 0.245064
5 0.801890 0.462595 0.139284 0.110991
1 0.283269 0.037281 0.026039 0.042629
7 0.230246 0.452968 0.060344 0.072159
8 0.741020 0.407126 0.029815 0.042619
1 0.498374 0.130327 0.017028 0.035453
1 0.640478 0.058746 0.019637 0.034450
1 0.173597 0.122723 0.025622 0.038380
6 0.403862 0.204230 0.040938 0.131283
6 0.608320 0.164495 0.032143 0.109385
1 0.449145 0.557200 0.023008 0.043236
1 0.332847 0.093347 0.027672 0.041570
1 0.445191 0.084188 0.017987 0.035496
6 0.627996 0.254843 0.027518 0.097498
1 0.535817 0.184068 0.014384 0.024006
1 0.248300 0.027772 0.015983 0.028193
1 0.433204 0.308164 0.020391 0.028239
1 0.407339 0.510174 0.016552 0.029776
1 0.297911 0.094622 0.017952 0.033283
1 0.113281 0.102588 0.039402 0.069137
6 0.526650 0.429282 0.026423 0.053652
