2 0.051319 0.904042 0.016013 0.028056
1 0.423986 0.574303 0.059747 0.048356
2 0.110775 0.828185 0.016013 0.028056
9 0.074876 0.061109 0.126805 0.122218
2 0.217796 0.799588 0.016013 0.028056
2 0.547952 0.986664 0.016013 0.026671
1 0.576996 0.168863 0.041289 0.069949
2 0.475900 0.910884 0.024398 0.039250
1 0.691990 0.276111 0.027115 0.047796
1 0.498609 0.078745 0.027089 0.035556
2 0.619298 0.881657 0.016013 0.028056
1 0.642508 0.221046 0.032120 0.049028
6 0.708911 0.808694 0.137536 0.370963
5 0.584885 0.673204 0.217271 0.221000
2 0.614402 0.232537 0.016013 0.028056
1 0.406496 0.256403 0.033503 0.048602
2 0.108676 0.739898 0.016013 0.028056
6 0.475979 0.434632 0.095896 0.290708
2 0.528548 0.360903 0.016013 0.028056
5 0.295099 0.062970 0.149260 0.121347
2 0.992408 0.880417 0.015185 0.028056
2 0.687848 0.493681 0.016013 0.028056
1 0.449268 0.271255 0.024891 0.033028
2 0.621397 0.935130 0.016013 0.028056
