4 0.18896484375000000000 0.60654166666666664565 0.10860156249999999845 0.50970370370370376989
4 0.46915494791666662033 0.43509490740740741632 0.08166927083333330728 0.35524537037037040577
4 0.24543619791666665408 0.49919675925925921511 0.08079947916666663232 0.24867129629629625143
4 0.07471484374999999567 0.21190740740740743320 0.05212760416666666757 0.16526851851851853681
4 0.42614843749999997691 0.21036574074074074203 0.05647395833333331006 0.28574074074074073959
4 0.30104036458333333082 0.42737268518518517491 0.11207552083333335857 0.33980092592592586742
4 0.35968489583333335124 0.40497685185185183787 0.08861979166666665575 0.36914814814814822519
3 0.69157031250000000622 0.41887731481481488283 0.09035416666666667984 0.06950462962962962454
3 0.83795833333333336057 0.44900925925925921911 0.05819791666666666863 0.05253703703703699324
3 0.41051041666666671093 0.71852083333333338633 0.06863541666666671259 0.06023611111111106670
3 0.75369140625000008438 0.34782870370370366775 0.10338802083333327453 0.08186111111111113448
