4 0.59339583333333334458 0.92451851851851851727 0.11120833333333332571 0.15096296296296293771
4 0.56081510416666657814 0.45594907407407408995 0.04083333333333326320 0.22087037037037043907
4 0.43744270833333337434 0.26287962962962957425 0.04083333333333331872 0.15599999999999999978
4 0.57341276041666655594 0.60885879629629624521 0.05386718749999997585 0.22705092592592585055
4 0.39660937499999998623 0.28913657407407405975 0.03561979166666665725 0.18380092592592592315
4 0.77063281250000004174 0.55479861111111106187 0.07819270833333338833 0.22705092592592590606
4 0.80190885416666668473 0.39416666666666672070 0.05560416666666666285 0.21160185185185187429
4 0.84708723958333331794 0.55248379629629629228 0.05908072916666663732 0.27493055555555551139
4 0.50897786458333327264 0.55403935185185182455 0.09397656249999997158 0.37710648148148145919
4 0.14552343749999999134 0.56792592592592594514 0.06516145833333332471 0.31200000000000005507
9 0.30277734374999998312 0.93089583333333336679 0.03040885416666666216 0.12665277777777775303
