9 0.242159 0.848095 0.065208 0.101412
1 0.783931 0.476220 0.046924 0.092588
2 0.258223 0.680449 0.012721 0.024750
8 0.894128 0.842581 0.090250 0.121829
0 0.874646 0.713662 0.028729 0.041565
4 0.512754 0.095567 0.050320 0.184699
2 0.903549 0.358396 0.014839 0.024755
1 0.968417 0.755590 0.033833 0.052634
2 0.663888 0.264410 0.014839 0.024755
2 0.762570 0.972433 0.014839 0.024755
1 0.242031 0.541303 0.016214 0.027569
9 0.903116 0.103412 0.044451 0.132009
2 0.517271 0.870928 0.014839 0.024755
1 0.337111 0.513708 0.024352 0.036120
1 0.346659 0.313940 0.031276 0.043231
1 0.107046 0.438549 0.040883 0.042606
1 0.787615 0.231782 0.033130 0.055139
1 0.667784 0.553836 0.019031 0.037597
1 0.275513 0.797572 0.046521 0.083958
2 0.836583 0.344613 0.014839 0.024755
1 0.265645 0.563236 0.018326 0.033833
2 0.356178 0.968398 0.019706 0.027352
1 0.183878 0.259350 0.018328 0.040097
1 0.386885 0.297569 0.028198 0.048870
1 0.469710 0.714863 0.027492 0.048875
1 0.154977 0.435414 0.026786 0.076440
8 0.509517 0.752500 0.034977 0.047685
4 0.435837 0.104838 0.087159 0.204389
1 0.125724 0.805090 0.024672 0.046366
1 0.857398 0.471755 0.023260 0.051380
2 0.346687 0.941104 0.014839 0.024755
1 0.313930 0.342056 0.037359 0.052630
0 0.563792 0.825815 0.017453 0.027778
2 0.034424 0.939845 0.017661 0.032282
1 0.448915 0.428521 0.018326 0.035088
1 0.212909 0.590164 0.022016 0.046569
1 0.873611 0.247444 0.109258 0.088972
4 0.432895 0.906912 0.140560 0.186176
9 0.631250 0.769269 0.076979 0.290352
2 0.743539 0.864662 0.014839 0.024750
2 0.579299 0.462405 0.014839 0.024755
1 0.183173 0.439174 0.026784 0.061403
1 0.947622 0.297569 0.028901 0.036343
2 0.171171 0.521303 0.014841 0.024755
1 0.621612 0.148449 0.039474 0.036343
1 0.397107 0.740553 0.020443 0.035088
2 0.144734 0.687979 0.012719 0.027282
1 0.252253 0.302583 0.016917 0.041352
2 0.362900 0.864662 0.014841 0.024750
1 0.466185 0.527521 0.024672 0.035088
1 0.109865 0.622759 0.036656 0.117796
2 0.800227 0.877586 0.014839 0.024755
1 0.716419 0.446694 0.033130 0.041352
2 0.770326 0.827067 0.014839 0.024755
8 0.050288 0.580204 0.065987 0.121074
9 0.296991 0.142229 0.053727 0.059801
1 0.695626 0.600829 0.026784 0.051380
1 0.386180 0.347069 0.035245 0.047620
1 0.590598 0.565741 0.018326 0.036343
1 0.350484 0.745657 0.033078 0.047500
1 0.742853 0.191681 0.062029 0.060148
3 0.948492 0.469525 0.103016 0.136227
1 0.184935 0.354588 0.028901 0.072685
2 0.211349 0.990053 0.014839 0.019894
1 0.559409 0.536722 0.023401 0.049769
2 0.322721 0.916039 0.014839 0.024755
0 0.886999 0.805789 0.015388 0.029338
1 0.261064 0.432282 0.026081 0.057648
9 0.082616 0.235280 0.072997 0.183523
3 0.498737 0.241014 0.133099 0.085565
1 0.404155 0.685414 0.031721 0.042606
9 0.560978 0.793873 0.123513 0.246514
9 0.382283 0.483514 0.070529 0.200824
4 0.821180 0.126340 0.038422 0.145384
2 0.873237 0.911030 0.014839 0.024755
8 0.020848 0.673949 0.041305 0.068435
9 0.965924 0.062454 0.050807 0.124907
0 0.816302 0.734329 0.017453 0.027778
1 0.949033 0.632155 0.026081 0.038847
2 0.750589 0.783206 0.014839 0.024755
2 0.391799 0.828322 0.014839 0.024755
2 0.733671 0.858396 0.014841 0.024755
0 0.587402 0.765044 0.023789 0.041579
8 0.634320 0.787324 0.047661 0.071500
7 0.321329 0.602081 0.076128 0.111532
