9 0.542254 0.485812 0.086648 0.185097
4 0.401042 0.532176 0.111458 0.332870
1 0.680208 0.238889 0.032292 0.049074
4 0.919542 0.329990 0.088649 0.246465
4 0.858227 0.294345 0.104670 0.304657
1 0.596467 0.578973 0.029868 0.059354
1 0.306532 0.802724 0.020187 0.040096
4 0.482568 0.183791 0.098003 0.350316
1 0.023438 0.778241 0.046354 0.092593
1 0.165755 0.823380 0.041927 0.069907
4 0.516995 0.210869 0.077804 0.326216
4 0.075260 0.216898 0.077604 0.250463
4 0.731191 0.261292 0.087236 0.287153
1 0.707798 0.964138 0.028808 0.062175
0 0.246139 0.647805 0.021442 0.035627
0 0.212033 0.833403 0.026046 0.043682
1 0.419831 0.312071 0.026769 0.042691
1 0.281830 0.793766 0.017361 0.034225
3 0.894271 0.708565 0.095312 0.113426
4 0.485938 0.797222 0.134896 0.393519
1 0.595313 0.934722 0.051042 0.107407
1 0.923408 0.937060 0.029912 0.055138
3 0.959792 0.545140 0.078275 0.118417
1 0.589805 0.749031 0.026484 0.042435
1 0.700965 0.598665 0.028312 0.049300
1 0.635005 0.771798 0.022695 0.044161
4 0.029687 0.329630 0.059375 0.239815
1 0.266380 0.532252 0.033125 0.080002
