9 0.529273 0.403461 0.021146 0.055134
7 0.633232 0.536333 0.046714 0.069426
2 0.450306 0.785715 0.011279 0.023810
3 0.599741 0.638366 0.086352 0.089750
3 0.172460 0.344870 0.215591 0.188546
1 0.605276 0.171588 0.063667 0.054046
7 0.478151 0.568294 0.073490 0.095727
7 0.184569 0.710521 0.092529 0.114514
1 0.525043 0.431655 0.022555 0.041356
2 0.618069 0.936090 0.011279 0.023810
3 0.738280 0.173208 0.152128 0.148167
9 0.752974 0.931368 0.119297 0.137264
2 0.243793 0.971757 0.011279 0.023810
1 0.462806 0.203206 0.037878 0.111736
2 0.420701 0.813285 0.011276 0.023810
3 0.324064 0.233331 0.089518 0.091801
9 0.284543 0.451528 0.179039 0.135648
7 0.382583 0.683178 0.102385 0.132069
3 0.981509 0.421725 0.036888 0.057903
2 0.418587 0.788220 0.011279 0.023810
7 0.772444 0.696127 0.085482 0.095708
3 0.947991 0.658021 0.101716 0.139671
1 0.571214 0.552583 0.024672 0.047620
1 0.364346 0.330400 0.043219 0.065699
3 0.618866 0.808741 0.189690 0.193963
1 0.682233 0.520002 0.021148 0.050125
3 0.672833 0.340007 0.104031 0.104023
