1 0.707905 0.674136 0.037234 0.077487
9 0.046354 0.698843 0.059896 0.168056
3 0.226953 0.401389 0.146094 0.128704
4 0.179036 0.133102 0.082031 0.186574
1 0.046364 0.868049 0.035584 0.071110
1 0.527528 0.847563 0.028563 0.056492
0 0.781048 0.527392 0.021630 0.038970
9 0.584411 0.949633 0.125517 0.100735
0 0.653252 0.127398 0.021644 0.038841
1 0.514062 0.724769 0.048438 0.097685
1 0.412445 0.931579 0.032753 0.068176
1 0.285057 0.839287 0.020422 0.039260
9 0.458226 0.835857 0.032798 0.072303
4 0.652382 0.397516 0.105641 0.403580
2 0.672892 0.868057 0.012442 0.021506
1 0.272803 0.687397 0.028199 0.060365
1 0.360732 0.424693 0.030254 0.055911
1 0.353433 0.978170 0.021118 0.036254
1 0.579557 0.184722 0.021094 0.031481
1 0.856910 0.948786 0.031520 0.071579
1 0.648223 0.715627 0.031664 0.063332
1 0.392523 0.818054 0.041886 0.068636
9 0.578232 0.883359 0.046951 0.114793
1 0.725882 0.479777 0.040927 0.076710
1 0.504882 0.938622 0.019408 0.035890
2 0.324562 0.810956 0.012589 0.021520
0 0.881534 0.534199 0.024452 0.039598
2 0.206116 0.981754 0.018274 0.030611
1 0.450004 0.699968 0.026637 0.045403
4 0.956565 0.076805 0.086869 0.153611
1 0.611849 0.082639 0.023177 0.045833
9 0.816933 0.795645 0.110349 0.117499
