4 0.38270833333333331705 0.10456249999999998879 0.04604687499999998018 0.20079166666666664609
4 0.47523697916666662877 0.09243981481481480800 0.06255208333333334147 0.18487962962962961599
0 0.73370833333333329573 0.52622453703703697681 0.02693229166666668423 0.04942129629629629650
0 0.95308203125000001688 0.14626620370370371771 0.02432552083333329451 0.04633796296296297662
0 0.34708723958333337345 0.20959259259259260810 0.02345572916666665078 0.04015740740740738474
0 0.33796484374999996581 0.11460185185185184364 0.02953906250000001496 0.05097222222222220350
9 0.24978125000000001021 0.34010648148148148184 0.13292708333333333459 0.18071296296296293638
9 0.05038932291666666646 0.57024537037037037468 0.10077864583333333293 0.08803703703703696926
9 0.37402083333333335791 0.74555092592592586698 0.04257291666666666863 0.10812037037037046383
9 0.46090234374999999867 0.21654166666666668783 0.14509114583333335147 0.14673148148148151826
9 0.78627083333333325221 0.12078009259259259167 0.09730729166666675367 0.15291203703703701300
9 0.73936328124999994849 0.56250694444444448994 0.10945572916666665431 0.22702314814814814059
9 0.29235156250000005063 0.71774768518518516913 0.10686458333333330450 0.21006018518518518312
