2 0.63249088541666675933 0.89228240740740738524 0.04344010416666665292 0.07104629629629631571
7 0.72675651041666666785 0.14394675925925926041 0.09991406250000002542 0.11893055555555555325
4 0.65812239583333331794 0.15630324074074075646 0.05994791666666662161 0.27338425925925924354
4 0.78583593750000002576 0.13159259259259259434 0.04083333333333338117 0.25175925925925923821
4 0.51042447916666655594 0.11923379629629630994 0.05126041666666664859 0.21778240740740742454
3 0.74891145833333339077 0.36559027777777775015 0.10078125000000000278 0.12047685185185186274
3 0.84752083333333316784 0.88146990740740738257 0.14335416666666667140 0.22550462962962958269
3 0.60990234375000007550 0.21036342592592591205 0.11641927083333337978 0.14055092592592591250
9 0.71242187499999998224 0.59650231481481486018 0.08514583333333333726 0.05096759259259255742
9 0.34969401041666670071 0.46675925925925926263 0.04952343750000001710 0.08495370370370369795
9 0.89617578124999985878 0.42737268518518517491 0.09470052083333335702 0.17607870370370368174
9 0.46567968749999999467 0.09992824074074073415 0.02954166666666668134 0.08340277777777779789
9 0.44830338541666664431 0.19105787037037036402 0.12337239583333332871 0.08031944444444444331
