1 0.28149218749999999067 0.58105555555555554736 0.05039062500000002914 0.05714814814814817012
1 0.66550651041666664121 0.12000925925925927384 0.03996614583333339688 0.07413888888888889306
1 0.61294401041666668473 0.43432175925925925464 0.15377864583333339388 0.09421759259259264441
1 0.83058072916666669805 0.27832407407407411259 0.04170312499999996592 0.07259259259259262520
1 0.71806901041666670871 0.21113657407407404598 0.04083593749999998856 0.05251388888888889467
1 0.41355078124999994360 0.09220601851851853437 0.03127864583333330589 0.04324537037037037152
1 0.64726171875000004796 0.27369212962962963243 0.03822656249999999145 0.06950462962962962454
1 0.56993749999999998579 0.59186805555555555003 0.05386458333333336845 0.08494907407407407962
7 0.39313411458333330506 0.24975000000000002753 0.24239843749999998024 0.16062962962962964997
0 0.74022265624999994404 0.04818749999999999423 0.02085156249999992398 0.03552314814814814398
0 0.92571484375000001599 0.05204861111111111494 0.02345572916666670976 0.03706944444444444653
8 0.63683593750000000444 0.10456250000000000266 0.02432812500000001987 0.04016203703703705163
