4 0.28236328125000004219 0.21889120370370368507 0.06342447916666665853 0.25484722222222222499
4 0.39747786458333334014 0.48992824074074070584 0.05125781249999997874 0.24867129629629630694
4 0.23414322916666666097 0.26754398148148145209 0.10594270833333331583 0.26631944444444444198
4 0.77662890625000002842 0.72589583333333329573 0.14872135416666670826 0.42293055555555553182
4 0.03475130208333333109 0.18645370370370370483 0.06342447916666667240 0.25485185185185188494
4 0.64030859374999993250 0.28068055555555554426 0.08254427083333328030 0.23321296296296295525
4 0.46472005208333333481 0.25287037037037041198 0.12752864583333334281 0.25485185185185188494
4 0.67940755208333336590 0.18181944444444445019 0.04951822916666669128 0.23632407407407410305
4 0.48478776041666665764 0.44436342592592592560 0.08339322916666666585 0.21932870370370369240
4 0.17420052083333331661 0.32314583333333335435 0.08860937499999997635 0.27184722222222224008
3 0.77758203125000002753 0.48529629629629628118 0.09035677083333340520 0.10657407407407404332
3 0.87141406249999997513 0.35246296296296292239 0.10078125000000000278 0.10348148148148152148
8 0.51607161458333339343 0.97491666666666676466 0.08514322916666668128 0.04787962962962966085
8 0.21329036458333333615 0.84749305555555554115 0.06515885416666668262 0.10193981481481484419
8 0.70460156250000005596 0.35323379629629630960 0.04170312499999996592 0.07105092592592593403
8 0.21155338541666665608 0.60345138888888882889 0.11728906249999999922 0.12665277777777775303
8 0.96915494791666678687 0.89151157407407410904 0.05647135416666664021 0.06950462962962968005
8 0.44135286458333333748 0.30535416666666670427 0.03475260416666667990 0.05868981481481486129
8 0.42745182291666666829 0.97394444444444461251 0.06081510416666666141 0.05211111111111108724
8 0.46915494791666662033 0.59186805555555555003 0.03996614583333334136 0.05715277777777779539
