2 0.56689583333333337656 0.44822453703703701855 0.01303124999999999076 0.02007870370370370625
2 0.63944140625000001066 0.48220601851851851993 0.01563802083333338047 0.02934722222222221552
4 0.21111848958333334636 0.36250231481481481888 0.05560156249999999994 0.16063425925925928217
3 0.09252604166666666963 0.50923379629629628162 0.06863541666666665708 0.10193981481481478868
3 0.31734505208333335657 0.51530324074074074225 0.25803906250000002709 0.24019907407407409261
3 0.50130078124999999378 0.28913657407407411526 0.18245052083333337944 0.10039351851851853470
9 0.34534895833333328907 0.63357175925925934834 0.11033854166666667851 0.12510648148148148517
9 0.89834765625000001510 0.75868055555555558023 0.06255468750000001132 0.17144444444444451037
9 0.54256901041666671937 0.90618518518518520466 0.09991406250000002542 0.06487037037037042542
9 0.76454947916666660124 0.59572916666666675400 0.05560416666666666285 0.10193981481481473317
9 0.22371614583333332416 0.95947222222222228183 0.03214583333333331794 0.07259259259259268071
