3 0.83014583333333336057 0.51927314814814817812 0.07210937500000001721 0.08803703703703708028
3 0.50868619791666669361 0.26751388888888888440 0.05647135416666670266 0.08186111111111110672
3 0.63987630208333334814 0.40111574074074080043 0.07211197916666663155 0.09267592592592589773
3 0.57254427083333325754 0.66600694444444441533 0.06950520833333335979 0.10039351851851847919
3 0.90269140624999999467 0.26365046296296296147 0.05386718750000009381 0.10193981481481484419
3 0.50303776041666670160 0.63434490740740734349 0.04344010416666665292 0.07722685185185182433
3 0.48566145833333335124 0.41965046296296298900 0.06429166666666669139 0.08958796296296295258
9 0.28887760416666663499 0.78571064814814817190 0.05647395833333333781 0.15136574074074066187
9 0.25499348958333334370 0.84517361111111111160 0.06863802083333334081 0.05406018518518517640
8 0.60772916666666665364 0.90695601851851859188 0.07384895833333331161 0.09421759259259269992
