2 0.29756510416666670515 0.88456018518518519933 0.02345833333333337267 0.03398148148148141812
4 0.36098828125000004263 0.68145138888888889817 0.05821093749999999012 0.12510648148148148517
4 0.46741796875000002354 0.47911574074074081420 0.06255468750000001132 0.23013888888888889284
4 0.56690104166666666075 0.55402777777777778567 0.07557291666666668406 0.25333333333333329929
4 0.20069270833333333059 0.68299537037037039156 0.07819270833333333282 0.27956481481481487705
4 0.44309114583333336634 0.57719444444444445441 0.15985937500000002576 0.35833333333333333703
4 0.68114453125000007372 0.09529398148148147951 0.44657031250000006617 0.17607870370370370949
4 0.89009375000000001688 0.81176620370370367041 0.21111979166666661190 0.37646759259259260366
9 0.70633984375000002931 0.76022453703703707362 0.09035677083333328030 0.13437499999999999445
9 0.74022395833333332060 0.92935416666666659236 0.11642187499999998024 0.13592129629629626231
9 0.75238671874999996092 0.52468749999999986233 0.25021614583333329218 0.21622685185185183676
9 0.47610546874999998268 0.86448148148148151737 0.06081510416666666141 0.08340740740740734682
