4 0.215782 0.599317 0.111565 0.329493
4 0.078979 0.117294 0.100148 0.199122
4 0.596051 0.242273 0.066168 0.224226
4 0.678305 0.558032 0.140578 0.398075
4 0.825439 0.678647 0.081717 0.313993
4 0.112440 0.428530 0.103513 0.297483
4 0.522335 0.588622 0.091316 0.266264
4 0.189699 0.327069 0.085865 0.277896
4 0.388767 0.788077 0.109293 0.327192
4 0.719684 0.878494 0.086325 0.135491
4 0.152583 0.100515 0.092615 0.201030
4 0.133973 0.366643 0.098444 0.261800
4 0.473111 0.127358 0.073557 0.224027
4 0.629974 0.520379 0.074184 0.210379
8 0.123112 0.860644 0.062449 0.064534
4 0.775487 0.666253 0.154754 0.381307
4 0.718314 0.625957 0.128919 0.449263
