1 0.81972005208333331705 0.66523379629629642018 0.04257031250000006817 0.06178240740740743170
1 0.48305598958333334503 0.22194675925925924642 0.02953906250000001496 0.06178240740740740394
1 0.57384765625000000444 0.42351388888888885642 0.03909635416666657620 0.08186111111111113448
4 0.21545182291666667429 0.44977083333333334192 0.08164843749999999012 0.22086574074074072360
4 0.94786979166666662788 0.84517361111111100058 0.10252083333333329718 0.20233796296296294170
4 0.65508203125000008527 0.08838425925925927351 0.05167447916666662727 0.21475925925925926085
4 0.18592578124999997735 0.63436342592592587231 0.10901822916666666086 0.28132870370370360869
4 0.51520052083333334192 0.63437268518518508120 0.05610416666666668412 0.28162500000000006972
3 0.79322135416666672558 0.36327314814814820609 0.05213020833333328885 0.08186111111111113448
3 0.71372526041666661811 0.31384953703703699635 0.03909635416666669416 0.05406018518518517640
3 0.55733984375000000799 0.08911805555555556146 0.06689843750000003253 0.07105092592592593403
3 0.79408984375000002398 0.22812499999999999445 0.08166927083333336279 0.09885185185185184353
3 0.31363802083333330861 0.85366898148148151471 0.05386458333333331294 0.09267129629629633492
3 0.37098046875000001421 0.48529398148148156222 0.05734114583333334986 0.06332870370370373425
3 0.51346484375000001066 0.34551157407407412370 0.05908072916666663732 0.05560648148148148590
3 0.86880859375000007994 0.41887731481481488283 0.05734114583333334986 0.08804166666666664309
8 0.72154427083333338988 0.80887731481481484064 0.02867187500000009312 0.07722685185185182433
8 0.62336848958333335169 0.29685879629629630116 0.03909635416666669416 0.04479166666666666713
