4 0.39965885416666668828 0.86510879629629644505 0.10469270833333332860 0.26608796296296305384
4 0.90486328125000003997 0.19878009259259260544 0.06689843749999996314 0.20696759259259256414
4 0.47828255208333331217 0.68608333333333337833 0.10703385416666666430 0.25688888888888894435
4 0.71112890625000002576 0.60777546296296303119 0.07905989583333336568 0.39093055555555555891
4 0.81146614583333331883 0.50691666666666668206 0.05734375000000006828 0.19615740740740736370
4 0.19330859374999997957 0.45594907407407408995 0.05299739583333332865 0.14055555555555562797
4 0.16767708333333333770 0.68998611111111107785 0.07759375000000000300 0.37639814814814825938
8 0.50347395833333330462 0.93475694444444445974 0.07906249999999998002 0.11893055555555549774
8 0.41746093749999996225 0.40729398148148149295 0.03735937500000000716 0.05251388888888891548
9 0.29017968750000000533 0.38103703703703700745 0.04170312499999996592 0.10812037037037035281
