4 0.91571614583333327264 0.24665046296296294637 0.03997395833333333010 0.19154166666666666563
4 0.20633984375000000155 0.64747222222222222676 0.11207552083333333082 0.30118518518518516691
4 0.58601041666666664476 0.18024537037037038911 0.09643750000000003708 0.15754629629629629539
4 0.46915494791666662033 0.37176851851851849817 0.05908072916666669977 0.17916666666666666852
4 0.59382942708333341653 0.36018749999999999378 0.08774739583333340809 0.14364351851851850372
4 0.38792187499999997158 0.22117592592592594247 0.06516145833333333859 0.18688888888888890993
4 0.78713932291666666163 0.21113657407407404598 0.03996614583333327891 0.12974537037037034426
4 0.12641015624999998868 0.84728935185185183521 0.13119010416666665453 0.30542129629629632959
4 0.03909505208333333148 0.42196759259259258856 0.05212760416666666757 0.18688888888888885442
4 0.28583593750000002576 0.75404629629629627008 0.12336979166666667274 0.31972222222222218546
4 0.35621093749999999112 0.36172916666666665719 0.05560416666666666285 0.18997685185185186896
4 0.81494140625000000000 0.45440277777777776658 0.05560156250000005546 0.18380555555555555536
4 0.53344791666666668828 0.28913657407407405975 0.06950520833333330428 0.17453240740740738612
4 0.71415885416666669006 0.15784953703703705208 0.07297916666666660890 0.18380092592592595091
3 0.73153645833333336146 0.45517592592592592826 0.06081770833333332432 0.08958333333333338977
3 0.70764322916666666519 0.58260185185185187073 0.09122395833333338255 0.07568518518518518867
9 0.61772265625000000178 0.91159027777777767998 0.06255468750000001132 0.14055092592592588474
