1 0.24717447916666668295 0.97182638888888883688 0.02867187500000000638 0.05406018518518528049
1 0.65855598958333338988 0.44822453703703701855 0.04344010416666677088 0.04169907407407409672
1 0.62293359375000001421 0.58491898148148158132 0.03475260416666661745 0.07105092592592593403
1 0.27758203124999997202 0.62198611111111112848 0.03562239583333332710 0.07413888888888882367
1 0.39226562500000000666 0.54939351851851858655 0.04778645833333333010 0.09575925925925922455
2 0.81320442708333329218 0.58568981481481485751 0.09904427083333330883 0.12819444444444438869
4 0.68722656249999991562 0.31848379629629625098 0.05560416666666666285 0.18380092592592589540
4 0.13944140624999998290 0.49070138888888886752 0.09470052083333332926 0.11738425925925928539
4 0.08992447916666666818 0.49379861111111111871 0.07023437500000001554 0.23194907407407402977
4 0.59730468749999998668 0.36481944444444441844 0.04778645833333333010 0.18071296296296293638
3 0.54778255208333337389 0.78879861111111104766 0.04778385416666666718 0.06178240740740743170
9 0.47567187499999996625 0.68531249999999999112 0.04604687499999998018 0.11120833333333335347
9 0.46220052083333329485 0.59186805555555555003 0.04169270833333336979 0.12202314814814811672
