9 0.526186 0.079231 0.152641 0.158462
1 0.616984 0.209045 0.033776 0.061225
1 0.771790 0.769354 0.054354 0.098038
9 0.078385 0.675231 0.154167 0.207870
1 0.553223 0.789184 0.039945 0.076034
1 0.668797 0.086023 0.037033 0.060044
1 0.703443 0.953794 0.028958 0.051764
8 0.167187 0.613194 0.029687 0.060648
4 0.379688 0.359491 0.240104 0.552315
4 0.586849 0.301852 0.094531 0.317593
4 0.830383 0.092386 0.067095 0.163156
8 0.203497 0.932214 0.044045 0.081833
4 0.281510 0.360880 0.204687 0.578241
9 0.049893 0.185616 0.098706 0.253759
2 0.686097 0.666433 0.029827 0.049635
9 0.811023 0.446165 0.095409 0.134015
1 0.713390 0.827348 0.037449 0.069519
