1 0.44786979166666662788 0.36713657407407407351 0.02867187499999997516 0.06178240740740743170
4 0.19113020833333335680 0.12772685185185184142 0.07296354166666665919 0.17316666666666666319
4 0.40486328125000003997 0.16711805555555553360 0.07124218749999998435 0.19924537037037037823
4 0.54691406250000007550 0.05745370370370370128 0.04604687499999998018 0.10966666666666666230
4 0.46698307291666668606 0.12618750000000000799 0.07211197916666668706 0.21006018518518518312
3 0.57688802083333334814 0.41810648148148149561 0.05039062500000000139 0.04942592592592592177
3 0.46698307291666668606 0.44513657407407408728 0.04257031250000000572 0.05406018518518517640
3 0.18375130208333334547 0.72933333333333338899 0.09817447916666667551 0.13437962962962962665
3 0.95091015624999997158 0.51541203703703697414 0.03562239583333332710 0.04015740740740741249
3 0.34187369791666666341 0.32775000000000004130 0.11728906250000002698 0.14055555555555557246
3 0.82493229166666659502 0.25129398148148152092 0.04257291666666666863 0.05560648148148148590
9 0.38835546874999998801 0.75790740740740736303 0.02432552083333335349 0.09885185185185184353
