7 0.94960677083333322468 0.62121527777777774126 0.08340625000000005673 0.19306944444444443243
4 0.03344661458333333254 0.32543518518518521621 0.04430989583333332787 0.11429629629629629861
4 0.17897265625000000067 0.21808564814814815347 0.06950260416666668994 0.17762499999999997735
4 0.69461067708333346093 0.64052083333333342807 0.13466406250000004241 0.33362499999999994937
4 0.60859895833333332860 0.47525462962962961022 0.05647395833333324761 0.19461111111111112359
4 0.38661848958333328019 0.18178935185185182699 0.04517968750000000283 0.17917129629629630072
4 0.84952994791666658347 0.60876388888888877116 0.08774739583333340809 0.31726851851851850528
4 0.54300390624999994582 0.26133333333333336190 0.06255468749999995581 0.22087037037037035581
3 0.52432421875000001510 0.92471990740740739323 0.03562239583333338261 0.05251388888888891548
3 0.26411588541666664032 0.72006481481481487972 0.07645572916666668051 0.09112962962962958824
9 0.78887760416666663499 0.38258333333333333082 0.05386458333333336845 0.09885185185185184353
