3 0.924727 0.620247 0.148778 0.140446
4 0.558314 0.107238 0.066103 0.157384
9 0.628437 0.187289 0.037759 0.099487
8 0.584337 0.796860 0.034421 0.069325
7 0.675168 0.197649 0.076016 0.087427
3 0.379625 0.269322 0.074593 0.069532
3 0.577803 0.503073 0.055759 0.053130
7 0.716986 0.571774 0.049934 0.060949
3 0.035931 0.289387 0.071863 0.111778
2 0.488436 0.826110 0.014378 0.021430
3 0.544561 0.344039 0.069668 0.068627
1 0.523746 0.702915 0.019674 0.043380
3 0.579313 0.402659 0.057912 0.063233
3 0.375147 0.184510 0.082098 0.072806
2 0.462935 0.586923 0.026824 0.037520
1 0.410287 0.841824 0.038238 0.067195
1 0.686397 0.671743 0.075179 0.088078
3 0.616071 0.253696 0.141653 0.092275
3 0.482912 0.287580 0.056102 0.053753
1 0.658974 0.536643 0.020373 0.045036
1 0.685092 0.551560 0.029347 0.054469
2 0.489113 0.936620 0.017880 0.031518
9 0.163778 0.231515 0.141290 0.087580
1 0.768666 0.862574 0.022807 0.053866
1 0.172461 0.394992 0.150610 0.119260
3 0.172309 0.912344 0.183742 0.175312
3 0.315246 0.738825 0.083708 0.098581
3 0.521031 0.389270 0.046417 0.047804
1 0.743149 0.830493 0.023367 0.041657
1 0.617700 0.529815 0.028223 0.044394
