1 0.82276171874999992628 0.39879861111111108984 0.02953906249999995598 0.11275462962962960745
1 0.59904296874999996003 0.73705555555555557490 0.04778385416666672963 0.04787962962962966085
1 0.27975390625000001732 0.69612500000000010481 0.03822656250000001921 0.04633333333333340687
1 0.30972916666666672203 0.50228240740740748294 0.03214583333333329018 0.04170370370370367341
1 0.09817317708333334059 0.92780787037037038001 0.08166927083333332116 0.10503240740740735215
1 0.42223958333333333481 0.93321527777777768531 0.03648958333333336690 0.06950462962962956903
1 0.47089322916666664920 0.67372916666666671226 0.04517708333333333992 0.07259722222222229904
1 0.41876432291666670915 0.60576851851851853947 0.04344010416666665292 0.11274999999999998912
1 0.54995442708333330817 0.53780787037037036669 0.09557031250000005973 0.10348611111111109817
2 0.61337760416666664565 0.32157175925925929327 0.03475000000000001699 0.03861574074074072827
2 0.09817708333333333148 0.55711805555555560243 0.07819791666666665864 0.08031018518518509564
8 0.01780859375000000064 0.87065972222222220989 0.02866927083333333307 0.14518981481481488260
8 0.95699218749999992450 0.39957175925925930704 0.05126041666666670410 0.06487500000000000211
9 0.50521093750000001243 0.26442361111111112315 0.05473437499999996014 0.16526388888888887685
8 0.63857291666666660124 0.58878009259259256325 0.04691666666666662738 0.11893055555555560876
8 0.14943359375000000999 0.23044212962962962177 0.06602864583333332982 0.10348611111111109817
