1 0.18288151041666669827 0.52468055555555548342 0.03388281250000000494 0.05560185185185181206
1 0.34578515625000000311 0.71852083333333338633 0.02953906250000001496 0.06641203703703706107
1 0.27280468749999997602 0.98012268518518519400 0.05907812500000000216 0.03975462962962957730
1 0.17462760416666664454 0.91699537037037037734 0.09209375000000000200 0.07413888888888893469
2 0.39313541666666662611 0.67759259259259252417 0.01824479166666671121 0.02471296296296290884
2 0.35316927083333332638 0.81274074074074076357 0.01998437500000000214 0.01699074074074065702
2 0.62814713541666666874 0.31462037037037032805 0.02085156249999992398 0.02471296296296296088
3 0.48001562499999994582 0.24820601851851850639 0.12771354166666662455 0.09267129629629630716
3 0.29104947916666668029 0.23430324074074074248 0.08166666666666667906 0.04633796296296294887
3 0.53127473958333337745 0.38258101851851850084 0.11728906249999997147 0.10193981481481484419
3 0.32753906249999997780 0.30844212962962963553 0.05907812500000002992 0.06178240740740743170
3 0.80104036458333327531 0.78802546296296294148 0.25369010416666670782 0.31354166666666666297
3 0.61337760416666664565 0.25515509259259261388 0.10252083333333329718 0.07877314814814816157
3 0.29626171875000001377 0.35478009259259263297 0.08688281250000000344 0.06795833333333337056
3 0.15204036458333333726 0.33083796296296297257 0.11294531250000000577 0.07568518518518518867
3 0.85186588541666663499 0.36250231481481481888 0.24934635416666661722 0.15754166666666666319
3 0.52823437500000003375 0.52854166666666668739 0.11642187499999992473 0.09730555555555558955
8 0.17897265625000000067 0.83204629629629622833 0.04691406250000002692 0.12047222222222223054
8 0.44613151041666665453 0.45440277777777776658 0.02519531250000000069 0.03552777777777778312
