0 0.811207 0.634083 0.013289 0.024019
2 0.535598 0.753132 0.009867 0.023810
0 0.802749 0.734338 0.013289 0.024019
1 0.572622 0.715488 0.037359 0.065162
2 0.504582 0.609023 0.009867 0.021306
3 0.592617 0.771912 0.038604 0.050231
0 0.776668 0.815792 0.013289 0.024019
7 0.483081 0.546995 0.067745 0.067769
2 0.494714 0.708021 0.009870 0.023810
8 0.747768 0.622190 0.045104 0.052620
2 0.269169 0.881530 0.009870 0.023810
3 0.341092 0.547410 0.133872 0.116199
1 0.878544 0.942308 0.020443 0.025060
3 0.371826 0.701171 0.097932 0.103472
0 0.809738 0.681269 0.013289 0.024019
2 0.388276 0.902257 0.009870 0.023810
3 0.607013 0.557769 0.068401 0.069991
8 0.862331 0.849576 0.037359 0.080199
8 0.906363 0.691731 0.090919 0.092741
8 0.789009 0.662278 0.045102 0.058907
0 0.423520 0.808273 0.013289 0.024019
3 0.025121 0.280037 0.050242 0.055796
2 0.494714 0.840852 0.009870 0.023806
2 0.479911 0.699248 0.009870 0.023810
1 0.346001 0.749324 0.050753 0.077694
1 0.668135 0.826391 0.059208 0.083958
7 0.381852 0.475007 0.037437 0.046458
7 0.456777 0.668141 0.047872 0.055523
0 0.230395 0.591685 0.014091 0.024046
2 0.292414 0.793234 0.011276 0.023810
2 0.783717 0.897243 0.009867 0.023810
8 0.173986 0.948000 0.075414 0.096500
