2 0.57341276041666666696 0.71311574074074068896 0.03822656249999999145 0.05869444444444443104
3 0.75977083333333328419 0.51464120370370369795 0.04604687499999992467 0.04479166666666666713
3 0.42658333333333331439 0.53626620370370370328 0.10252083333333335269 0.09421759259259258890
3 0.67375911458333326287 0.63357175925925934834 0.03388281250000003270 0.04479166666666666713
3 0.44221614583333335169 0.68918055555555557401 0.06775520833333334436 0.07567592592592584100
3 0.93874609374999995470 0.57410648148148157865 0.07558593750000000555 0.05869444444444443104
3 0.70373307291666664653 0.84362962962962961821 0.12163281249999992328 0.13746296296296300898
3 0.50781770833333328419 0.65056249999999993250 0.04257291666666666863 0.04479166666666666713
3 0.15725260416666664298 0.64592824074074073337 0.09209375000000000200 0.07568055555555557035
8 0.24109244791666667451 0.60963194444444446241 0.08601302083333335624 0.11120833333333335347
8 0.86185677083333323001 0.60190972222222227650 0.01390104166666657724 0.03706944444444452286
8 0.65985807291666664920 0.52854166666666668739 0.02519531250000000069 0.03243518518518526822
8 0.78453255208333338988 0.61967129629629624787 0.02432552083333329451 0.04787962962962966085
