2 0.46046744791666671670 0.91699537037037037734 0.02606510416666664443 0.04325000000000003147
2 0.46958984374999995781 0.77567129629629627541 0.01650781250000002767 0.03243518518518515720
2 0.61989322916666678154 0.90541203703703709849 0.01477083333333328169 0.02316666666666665139
2 0.50130078124999999378 0.74478009259259259078 0.01042447916666666002 0.02007870370370375829
3 0.78279557291666668206 0.48297685185185185164 0.04517968749999994038 0.05251851851851854075
3 0.37532291666666667274 0.41733333333333333393 0.03648958333333330445 0.03552777777777772761
3 0.55994531250000001421 0.51850231481481479090 0.24066145833333341120 0.12047685185185180723
3 0.96177083333333324155 0.53858101851851858388 0.05039062500000000139 0.06487500000000004374
3 0.29191796875000003419 0.50382870370370369528 0.05908072916666669977 0.05405555555555555114
3 0.42136979166666665986 0.47988888888888886486 0.03301562499999999289 0.04324999999999998290
3 0.19678255208333333970 0.66909490740740740211 0.27888802083333330550 0.11275462962962960745
3 0.91442057291666667407 0.70153240740740741010 0.16767968750000009082 0.18688888888888890993
