2 0.398844 0.879065 0.014089 0.025046
3 0.479634 0.699549 0.071372 0.079282
2 0.346687 0.865914 0.014089 0.025042
2 0.525727 0.949877 0.016922 0.041356
2 0.538771 0.943606 0.013396 0.026306
9 0.240982 0.407780 0.098734 0.169625
2 0.873943 0.844611 0.014089 0.025046
1 0.972294 0.483035 0.024672 0.043856
1 0.887708 0.935414 0.028901 0.061403
7 0.406622 0.409095 0.060620 0.068931
3 0.535026 0.431109 0.055109 0.059727
2 0.859846 0.892231 0.014089 0.025046
3 0.880132 0.530708 0.232763 0.186972
2 0.722393 0.791981 0.014089 0.025046
3 0.272781 0.264007 0.075219 0.068069
7 0.421406 0.558896 0.060620 0.068931
1 0.353402 0.706090 0.013393 0.023810
1 0.262120 0.954838 0.022557 0.037593
2 0.656133 0.796993 0.014089 0.025042
1 0.567214 0.668382 0.020052 0.035375
3 0.318003 0.410757 0.071312 0.066782
3 0.517017 0.522657 0.137852 0.103685
9 0.900396 0.521255 0.061323 0.105259
3 0.539698 0.294954 0.062448 0.053556
1 0.307233 0.944815 0.018326 0.047620
3 0.663247 0.304863 0.083766 0.067681
3 0.546447 0.377845 0.056576 0.058356
7 0.307919 0.596493 0.060620 0.068931
2 0.211349 0.850877 0.014089 0.025042
7 0.701951 0.506266 0.060620 0.068931
7 0.701951 0.656641 0.060620 0.068931
1 0.714659 0.874639 0.031016 0.040102
1 0.510939 0.525148 0.073977 0.077898
2 0.740738 0.952961 0.023966 0.046366
1 0.426936 0.778481 0.021070 0.039870
1 0.157092 0.634037 0.046523 0.027565
3 0.750871 0.393736 0.070466 0.069981
1 0.192336 0.434789 0.031016 0.065162
2 0.850682 0.793231 0.014089 0.025046
8 0.584960 0.530028 0.023966 0.052630
1 0.559582 0.919123 0.016919 0.046366
2 0.769620 0.828322 0.014089 0.025042
7 0.516565 0.453634 0.060620 0.068935
2 0.115484 0.987468 0.014089 0.025046
1 0.855635 0.555718 0.022557 0.073935
3 0.398918 0.665155 0.077820 0.086347
3 0.354757 0.226613 0.092492 0.077218
7 0.575419 0.246211 0.051953 0.053301
2 0.226857 0.728069 0.014089 0.025046
