7 0.539777 0.560827 0.050087 0.064455
4 0.419293 0.204923 0.104618 0.168401
1 0.356535 0.744138 0.023062 0.044328
1 0.429103 0.716698 0.028857 0.047661
9 0.701362 0.443940 0.087778 0.095246
1 0.836939 0.455721 0.023166 0.049561
1 0.497946 0.473516 0.024362 0.039259
2 0.508698 0.926520 0.016400 0.028782
1 0.397101 0.327010 0.032633 0.047663
9 0.255347 0.210579 0.070068 0.067414
1 0.270722 0.912084 0.040731 0.062529
2 0.738420 0.958794 0.024356 0.038914
1 0.471451 0.753712 0.027849 0.058166
1 0.438384 0.800612 0.022243 0.047453
1 0.318451 0.638388 0.019983 0.043110
1 0.558336 0.403494 0.016503 0.031231
1 0.387604 0.721085 0.017459 0.032996
2 0.482847 0.673293 0.012781 0.021177
2 0.703248 0.786943 0.009971 0.019163
3 0.384068 0.494256 0.054547 0.061044
1 0.247780 0.697062 0.035971 0.050908
7 0.554302 0.747603 0.057348 0.090564
3 0.228842 0.424329 0.124747 0.097130
1 0.584720 0.182724 0.056497 0.071371
