1 0.535766 0.317099 0.033402 0.048048
4 0.107877 0.261150 0.078387 0.178895
1 0.211671 0.388114 0.085353 0.081662
3 0.549734 0.188031 0.120772 0.098665
1 0.188382 0.764489 0.024924 0.052432
3 0.758695 0.267673 0.056846 0.052694
2 0.739140 0.958440 0.015166 0.026322
3 0.900772 0.334316 0.057528 0.056109
2 0.310873 0.799825 0.011151 0.019195
2 0.557040 0.988411 0.014922 0.023178
1 0.204091 0.562625 0.028921 0.049850
9 0.077947 0.613173 0.095189 0.087978
3 0.693252 0.449378 0.123032 0.111431
9 0.018616 0.800075 0.037174 0.074458
1 0.666341 0.812120 0.018066 0.032566
1 0.653288 0.476654 0.018796 0.032364
1 0.628319 0.348194 0.018223 0.035126
1 0.392409 0.685555 0.032460 0.049741
1 0.620957 0.465391 0.021031 0.039024
7 0.485838 0.873966 0.082074 0.120989
3 0.660717 0.339017 0.119894 0.115939
3 0.297737 0.385629 0.132532 0.119767
7 0.503438 0.588614 0.085382 0.104677
2 0.154405 0.870714 0.013596 0.022805
