7 0.42180468749999999734 0.71929166666666666252 0.04257291666666666863 0.04015740740740741249
0 0.35882031249999996048 0.82358333333333333393 0.01303645833333337903 0.02625925925925927037
0 0.65204036458333336501 0.89073842592592589185 0.01650781250000008665 0.03089351851851842093
0 0.23761718750000002109 0.69303703703703700700 0.01477083333333331118 0.02471296296296301293
3 0.52041536458333337301 0.85444212962962962088 0.04691406249999996447 0.06332870370370369262
3 0.62293489583333327975 0.53781018518518519667 0.04170312499999996592 0.04787962962962966085
3 0.90486328125000003997 0.63511574074074073071 0.17289322916666674534 0.13437962962962962665
3 0.43223046874999998535 0.57719444444444445441 0.06168489583333336412 0.05251851851851854075
3 0.23805208333333333082 0.69226388888888890083 0.05907812499999997441 0.06950925925925920124
3 0.40877343750000000311 0.65133333333333343074 0.05647395833333331006 0.06487037037037042542
9 0.57080598958333328419 0.97239814814814817812 0.04865364583333331439 0.05520370370370370622
9 0.59860677083333335702 0.79188657407407403444 0.03648958333333330445 0.10811574074074073448
