4 0.218296 0.882591 0.106173 0.234819
0 0.647046 0.452700 0.014898 0.029581
3 0.412008 0.254951 0.117825 0.114799
3 0.468976 0.550013 0.050261 0.056146
9 0.677102 0.413279 0.056576 0.103355
1 0.675992 0.560044 0.021923 0.036457
9 0.496808 0.907677 0.075423 0.094299
3 0.973299 0.391965 0.046756 0.054956
3 0.507954 0.513894 0.073346 0.070326
1 0.788603 0.462339 0.103574 0.079450
1 0.483497 0.690371 0.023068 0.038341
3 0.396678 0.598903 0.051309 0.055876
1 0.421888 0.444668 0.069920 0.070140
1 0.597512 0.699692 0.016615 0.029092
1 0.717269 0.977451 0.035230 0.045097
9 0.287401 0.613563 0.066583 0.101120
7 0.376181 0.735121 0.066074 0.090275
3 0.767393 0.590037 0.149405 0.131850
1 0.605410 0.463881 0.026997 0.038992
