1 0.544780 0.966743 0.028195 0.038847
8 0.344625 0.632150 0.024557 0.039412
7 0.610849 0.732877 0.060656 0.085301
7 0.523970 0.750000 0.053872 0.063120
7 0.797109 0.858394 0.064438 0.079407
7 0.792885 0.792606 0.048938 0.058102
3 0.617995 0.655403 0.077917 0.080343
7 0.478850 0.658521 0.048216 0.058106
1 0.230753 0.720502 0.024672 0.045116
9 0.725685 0.679470 0.071583 0.084264
7 0.685741 0.961778 0.054576 0.058111
1 0.124501 0.960074 0.047930 0.075741
1 0.406974 0.924137 0.014802 0.026319
7 0.639331 0.779833 0.064438 0.079407
7 0.046671 0.868030 0.087701 0.089264
7 0.741781 0.804519 0.048234 0.064352
7 0.593398 0.850255 0.040474 0.055593
