8 0.443722 0.845611 0.084115 0.170251
3 0.055046 0.376067 0.092398 0.080577
9 0.416965 0.306923 0.061625 0.112806
7 0.514511 0.476710 0.047871 0.060713
1 0.359359 0.488016 0.022833 0.046095
0 0.395232 0.439184 0.016174 0.028247
7 0.607207 0.765227 0.067465 0.074381
1 0.383070 0.860065 0.030441 0.078176
1 0.646711 0.776968 0.022853 0.043706
1 0.494783 0.388907 0.020442 0.036471
6 0.343295 0.844291 0.076498 0.157928
1 0.367654 0.712342 0.016757 0.029465
9 0.933893 0.378086 0.131545 0.129638
1 0.259256 0.621884 0.036336 0.064770
9 0.168719 0.554552 0.132324 0.184728
