9 0.528673 0.536078 0.061596 0.146458
9 0.139249 0.309365 0.127147 0.119832
3 0.915457 0.376078 0.096423 0.082884
2 0.661281 0.931177 0.010875 0.018047
0 0.344713 0.461725 0.020635 0.036186
2 0.433254 0.901736 0.012096 0.019371
1 0.247327 0.532630 0.041852 0.053793
7 0.668195 0.688421 0.035592 0.048889
0 0.801684 0.585757 0.031941 0.048150
2 0.705981 0.832667 0.012883 0.020406
1 0.376307 0.394416 0.021776 0.040093
0 0.459425 0.562853 0.022329 0.035605
0 0.985651 0.789937 0.026306 0.053643
7 0.642951 0.582013 0.049010 0.060247
7 0.686111 0.637040 0.047867 0.062384
9 0.857943 0.931746 0.125793 0.133194
2 0.635547 0.916000 0.011425 0.018072
2 0.620576 0.939393 0.011133 0.019930
7 0.455492 0.747555 0.102082 0.128230
1 0.641526 0.494206 0.027945 0.053833
2 0.652281 0.806485 0.011940 0.020886
2 0.820511 0.748226 0.028665 0.039626
7 0.609206 0.411780 0.046704 0.052651
4 0.244523 0.415445 0.069720 0.181793
1 0.615462 0.730415 0.013836 0.028800
0 0.718955 0.636124 0.020514 0.031838
1 0.415907 0.593053 0.043638 0.061318
