8 0.783431 0.718049 0.035560 0.053347
8 0.837600 0.220206 0.024383 0.043847
2 0.617793 0.974530 0.016029 0.029366
1 0.373952 0.499174 0.041289 0.043181
2 0.543719 0.386873 0.010687 0.021588
8 0.648634 0.227542 0.029247 0.037787
1 0.784169 0.847187 0.018458 0.046634
1 0.297447 0.878708 0.041773 0.056130
1 0.681918 0.324736 0.026716 0.050083
8 0.928826 0.579766 0.020891 0.037903
2 0.463083 0.277201 0.010687 0.021588
8 0.919689 0.398102 0.021461 0.043852
8 0.699159 0.535412 0.029234 0.071491
8 0.986723 0.536271 0.021461 0.043847
8 0.909004 0.609243 0.054492 0.037810
1 0.220212 0.603234 0.040805 0.044042
2 0.486889 0.408067 0.010685 0.021588
8 0.266682 0.914118 0.032833 0.066116
2 0.539350 0.599750 0.011664 0.019019
8 0.689444 0.423144 0.021461 0.043852
1 0.543479 0.168863 0.023802 0.031949
8 0.561928 0.538868 0.017081 0.030042
