1 0.955025 0.179148 0.038065 0.070176
1 0.655448 0.540678 0.029604 0.068921
1 0.759263 0.240981 0.049818 0.075991
1 0.580729 0.405968 0.042292 0.067667
2 0.280424 0.952375 0.012276 0.021787
2 0.301576 0.952380 0.012276 0.021787
2 0.732966 0.938597 0.012276 0.021787
2 0.300164 0.266917 0.012276 0.021787
1 0.474292 0.927896 0.045115 0.048875
1 0.638630 0.161609 0.019719 0.046255
1 0.387145 0.214294 0.028482 0.043736
1 0.257539 0.326391 0.040177 0.061403
2 0.378408 0.786968 0.012273 0.021787
2 0.501763 0.253134 0.012276 0.021787
1 0.681714 0.372338 0.031443 0.057157
1 0.571694 0.039965 0.032039 0.050134
1 0.489977 0.126301 0.021036 0.034852
2 0.317786 0.325815 0.012276 0.021787
1 0.445743 0.691681 0.016211 0.072685
1 0.888413 0.615241 0.034539 0.047620
1 0.082727 0.177271 0.040177 0.053884
1 0.211720 0.299449 0.044409 0.062657
1 0.488901 0.649132 0.028740 0.051931
1 0.615272 0.151139 0.026904 0.042204
1 0.217007 0.940426 0.032424 0.066417
1 0.684701 0.158472 0.043000 0.051380
2 0.279723 0.279449 0.012273 0.021787
1 0.524337 0.585164 0.032424 0.047616
2 0.656839 0.854637 0.012276 0.021782
1 0.926829 0.927271 0.042294 0.057644
1 0.334371 0.047569 0.044409 0.052630
2 0.681509 0.780704 0.012273 0.021787
1 0.746730 0.085792 0.026081 0.041352
2 0.328361 0.943609 0.012273 0.021782
1 0.812517 0.264831 0.030279 0.047875
1 0.361158 0.893435 0.042997 0.052630
1 0.337767 0.735144 0.029576 0.042787
6 0.896103 0.103637 0.173706 0.207273
1 0.428736 0.589625 0.034378 0.055593
1 0.040082 0.449199 0.028195 0.073935
6 0.216027 0.483951 0.093753 0.280838
1 0.175772 0.143435 0.030310 0.053889
1 0.916960 0.773759 0.023966 0.066417
1 0.493676 0.497444 0.027492 0.040102
1 0.636768 0.479275 0.072604 0.061403
1 0.506363 0.829525 0.030310 0.072681
1 0.232516 0.120252 0.029604 0.045116
1 0.564064 0.128090 0.022008 0.043134
2 0.318413 0.713403 0.036247 0.071898
2 0.313557 0.264412 0.012276 0.021787
1 0.463478 0.177845 0.029888 0.052218
1 0.132184 0.191081 0.042096 0.063958
1 0.134535 0.842056 0.028195 0.040102
1 0.706905 0.085792 0.032424 0.051380
1 0.078724 0.680086 0.101094 0.116116
1 0.595180 0.785039 0.024672 0.058894
1 0.097176 0.771255 0.023966 0.051380
1 0.630814 0.404111 0.027508 0.051167
1 0.611040 0.550076 0.059211 0.047616
2 0.267035 0.458646 0.012273 0.021782
1 0.604482 0.319729 0.043943 0.065005
1 0.152158 0.546319 0.057799 0.100250
1 0.472168 0.563949 0.020805 0.038074
1 0.539493 0.811981 0.026081 0.082704
1 0.432703 0.254963 0.031016 0.036343
1 0.874889 0.494387 0.070742 0.091977
1 0.472529 0.407220 0.041589 0.055134
1 0.460639 0.058113 0.021503 0.038264
1 0.681882 0.030653 0.026081 0.043861
1 0.737568 0.583285 0.037359 0.068921
1 0.643556 0.119586 0.021362 0.038319
2 0.545466 0.223058 0.012276 0.021782
1 0.393582 0.306970 0.014805 0.075190
1 0.564517 0.516241 0.032424 0.047620
1 0.768229 0.466116 0.029604 0.040102
1 0.508934 0.033428 0.027086 0.038745
1 0.536716 0.397553 0.041073 0.053671
2 0.888746 0.269424 0.012273 0.021782
1 0.418958 0.922257 0.059917 0.057644
1 0.541398 0.339431 0.014443 0.029676
1 0.606104 0.851331 0.047932 0.061403
1 0.499315 0.273137 0.041589 0.050125
1 0.288553 0.327021 0.021852 0.057644
1 0.479578 0.739299 0.030312 0.087718
1 0.144757 0.026919 0.041586 0.053838
1 0.800654 0.642183 0.069078 0.149125
1 0.146871 0.738046 0.020440 0.055139
1 0.437430 0.189377 0.021068 0.042051
1 0.355111 0.214512 0.018508 0.040153
1 0.523634 0.526269 0.036654 0.062657
2 0.560268 0.164162 0.012276 0.021787
