2 0.316094 0.964100 0.012833 0.023838
1 0.796426 0.564053 0.025648 0.033162
7 0.800721 0.381359 0.061109 0.080431
2 0.467648 0.869799 0.012833 0.023838
2 0.488049 0.861507 0.012833 0.023838
2 0.608711 0.929900 0.012833 0.023838
2 0.156964 0.580678 0.012833 0.023838
2 0.482805 0.120574 0.012833 0.023833
2 0.213505 0.801405 0.012833 0.023838
2 0.347570 0.969280 0.012833 0.023838
2 0.833128 0.879125 0.012833 0.023833
2 0.517779 0.100887 0.012833 0.023838
2 0.584813 0.919539 0.012833 0.023838
2 0.506120 0.162025 0.012833 0.023838
2 0.620370 0.980678 0.012833 0.023838
2 0.764930 0.549590 0.012833 0.023838
2 0.267714 0.857363 0.012833 0.023838
2 0.146471 0.577569 0.012833 0.023833
2 0.760266 0.529900 0.012833 0.023838
2 0.303271 0.540264 0.012833 0.023833
2 0.300940 0.987933 0.012833 0.023838
2 0.361560 0.827310 0.012833 0.023833
2 0.496794 0.878088 0.012833 0.023833
2 0.794073 0.939229 0.012833 0.023838
2 0.605797 0.362025 0.012833 0.023838
2 0.725875 0.861507 0.012833 0.023838
2 0.414604 0.252181 0.012833 0.023833
2 0.500292 0.683269 0.012833 0.023833
2 0.234490 0.791042 0.012833 0.023833
1 0.468543 0.518458 0.019237 0.026944
2 0.905409 0.840782 0.012833 0.023833
2 0.885005 0.654252 0.012833 0.023838
2 0.858193 0.603477 0.012833 0.023833
2 0.692648 0.598296 0.012833 0.023833
2 0.290448 0.564100 0.012833 0.023838
2 0.220497 0.867725 0.012833 0.023838
2 0.320174 0.880160 0.012833 0.023838
2 0.330083 0.788968 0.012833 0.023833
2 0.164539 0.928863 0.012833 0.023838
2 0.291612 0.796222 0.012833 0.023833
2 0.192521 0.778606 0.012833 0.023833
2 0.875680 0.865653 0.012833 0.023833
2 0.218167 0.320574 0.012833 0.023833
2 0.214669 0.396222 0.012833 0.023833
2 0.558581 0.716431 0.012833 0.023833
2 0.038633 0.678088 0.012833 0.023833
2 0.351651 0.695704 0.012833 0.023833
2 0.527104 0.171352 0.012833 0.023833
2 0.833711 0.620058 0.012833 0.023838
2 0.380214 0.883269 0.012833 0.023833
7 0.495155 0.250778 0.080440 0.091194
2 0.387208 0.870833 0.012833 0.023833
2 0.360396 0.917465 0.012833 0.023838
2 0.619786 0.537155 0.012833 0.023838
7 0.203612 0.699403 0.138453 0.162120
2 0.530602 0.867725 0.012833 0.023838
2 0.569073 0.528866 0.012833 0.023833
2 0.867518 0.712285 0.012833 0.023838
2 0.783581 0.500887 0.012833 0.023838
2 0.172117 0.605549 0.012833 0.023838
2 0.196599 0.719539 0.012833 0.023838
2 0.337661 0.759954 0.012833 0.023833
2 0.861107 0.742336 0.012833 0.023838
2 0.563828 0.944410 0.012833 0.023838
2 0.777753 0.861507 0.012833 0.023838
2 0.727622 0.614875 0.012833 0.023833
2 0.922313 0.628347 0.012833 0.023833
2 0.696146 0.555808 0.012833 0.023838
7 0.676434 0.353898 0.054789 0.057019
2 0.647182 0.965134 0.012833 0.023833
2 0.845370 0.757880 0.012833 0.023833
2 0.263633 0.643891 0.012833 0.023838
2 0.606380 0.889486 0.012833 0.023833
2 0.300357 0.587933 0.012833 0.023838
2 0.095758 0.566171 0.012833 0.023833
2 0.726458 0.453218 0.012833 0.023833
2 0.516612 0.942336 0.012833 0.023838
2 0.612208 0.911248 0.012833 0.023838
2 0.619203 0.907104 0.012833 0.023838
2 0.386625 0.702958 0.012833 0.023833
2 0.402365 0.602440 0.012833 0.023833
2 0.906573 0.626273 0.012833 0.023833
2 0.391872 0.679125 0.012833 0.023833
2 0.078271 0.672907 0.012833 0.023833
2 0.502622 0.759954 0.012833 0.023833
2 0.486302 0.163063 0.012833 0.023838
2 0.221664 0.989044 0.012833 0.021912
2 0.396534 0.386896 0.012833 0.023838
2 0.643685 0.523683 0.012833 0.023838
2 0.489799 0.779641 0.012833 0.023838
2 0.312013 0.576535 0.012833 0.023838
2 0.859359 0.528866 0.012833 0.023833
2 0.936302 0.781715 0.012833 0.023838
2 0.527104 0.530937 0.012833 0.023838
2 0.337661 0.542336 0.012833 0.023838
2 0.446081 0.600368 0.012833 0.023838
2 0.851198 0.751662 0.012833 0.023833
2 0.419852 0.575498 0.012833 0.023838
2 0.360396 0.405549 0.012833 0.023838
2 0.276458 0.624201 0.012833 0.023838
2 0.907156 0.794150 0.012833 0.023838
2 0.792909 0.595185 0.012833 0.023833
2 0.651846 0.873942 0.012833 0.023838
2 0.581898 0.520574 0.012833 0.023833
2 0.559747 0.370317 0.012833 0.023838
2 0.359229 0.590005 0.012833 0.023833
2 0.657674 0.492595 0.012833 0.023838
2 0.358646 0.778606 0.012833 0.023833
2 0.632026 0.521611 0.012833 0.023833
2 0.236820 0.816947 0.012833 0.023838
2 0.328919 0.971352 0.012833 0.023833
2 0.336495 0.595185 0.012833 0.023833
2 0.327753 0.826273 0.012833 0.023833
2 0.732286 0.569280 0.012833 0.023838
2 0.343492 0.880160 0.012833 0.023838
2 0.567909 0.906067 0.012833 0.023838
2 0.609878 0.685340 0.012833 0.023838
2 0.627948 0.855289 0.012833 0.023838
2 0.346990 0.759954 0.012833 0.023833
2 0.347570 0.685340 0.012833 0.023838
2 0.197182 0.420058 0.012833 0.023838
2 0.508453 0.514356 0.012833 0.023833
2 0.404695 0.750627 0.012833 0.023838
2 0.499125 0.799331 0.012833 0.023838
2 0.801068 0.849072 0.012833 0.023838
3 0.298167 0.392970 0.108151 0.120671
2 0.742779 0.271870 0.012833 0.023833
2 0.579565 0.934046 0.012833 0.023833
2 0.423932 0.550627 0.012833 0.023838
2 0.727622 0.851146 0.012833 0.023838
2 0.314930 0.538192 0.012833 0.023838
2 0.299773 0.776535 0.012833 0.023838
2 0.489799 0.938192 0.012833 0.023838
2 0.578401 0.322646 0.012833 0.023838
7 0.541664 0.608838 0.065010 0.075287
2 0.367391 0.975498 0.012833 0.023838
1 0.397720 0.570271 0.011659 0.039375
2 0.131898 0.413840 0.012833 0.023838
2 0.526521 0.152699 0.012833 0.023833
2 0.680409 0.467725 0.012833 0.023838
2 0.883258 0.746481 0.012833 0.023833
2 0.070693 0.660470 0.012833 0.023838
2 0.639021 0.670833 0.012833 0.023833
2 0.583063 0.345447 0.012833 0.023838
2 0.684490 0.632493 0.012833 0.023838
2 0.397701 0.882234 0.012833 0.023838
2 0.541094 0.923683 0.012833 0.023838
2 0.305625 0.921049 0.012833 0.023838
