2 0.321729 0.839377 0.012630 0.022144
2 0.120775 0.639437 0.032409 0.046181
2 0.289184 0.894646 0.012633 0.022144
1 0.257372 0.678796 0.035458 0.055269
2 0.525745 0.679620 0.012630 0.022148
1 0.593268 0.728449 0.033031 0.045769
1 0.330964 0.569556 0.014573 0.035407
1 0.525022 0.490109 0.028659 0.050949
1 0.268059 0.845461 0.022831 0.031088
2 0.190577 0.767704 0.012633 0.022148
2 0.337273 0.934370 0.012630 0.022148
2 0.319786 0.820382 0.012630 0.022144
2 0.780279 0.600174 0.012630 0.022144
1 0.789271 0.832940 0.025745 0.057861
1 0.433182 0.061937 0.024990 0.034218
2 0.048737 0.632125 0.012630 0.022148
2 0.806509 0.850604 0.012633 0.022144
2 0.850712 0.598447 0.012633 0.022144
2 0.357189 0.132125 0.012633 0.022148
1 0.318091 0.883025 0.016031 0.040588
2 0.342132 0.989282 0.012633 0.021435
2 0.361561 0.976683 0.012633 0.022144
1 0.273501 0.252720 0.016888 0.034273
2 0.808452 0.835063 0.012633 0.022144
7 0.701012 0.166028 0.146206 0.129963
1 0.287246 0.469815 0.027201 0.036269
1 0.621527 0.431769 0.018159 0.030981
1 0.831288 0.674044 0.025258 0.061310
1 0.336527 0.347317 0.025706 0.040366
1 0.441132 0.425079 0.022018 0.032991
2 0.161917 0.609674 0.012630 0.022144
2 0.832740 0.809155 0.012630 0.022144
2 0.357676 0.651123 0.012633 0.022144
1 0.966327 0.283718 0.056346 0.033676
6 0.199617 0.260986 0.068224 0.169148
1 0.391784 0.328646 0.055370 0.063755
1 0.803643 0.663560 0.024979 0.033889
1 0.726122 0.427933 0.041286 0.047495
2 0.267811 0.331609 0.012633 0.022144
2 0.329016 0.790155 0.012630 0.022144
1 0.811129 0.851074 0.021857 0.045769
2 0.858970 0.731433 0.012633 0.022144
1 0.214868 0.303579 0.021372 0.031954
2 0.775421 0.557859 0.012633 0.022144
2 0.185233 0.240072 0.012633 0.022144
1 0.219484 0.502630 0.019917 0.039722
1 0.878648 0.256947 0.017974 0.035403
1 0.284329 0.700822 0.036914 0.052662
2 0.397507 0.194301 0.012633 0.022148
2 0.683615 0.702937 0.012630 0.022144
1 0.915566 0.542785 0.061690 0.069949
2 0.070111 0.867877 0.012633 0.022144
2 0.143944 0.295336 0.012633 0.022144
1 0.478962 0.395350 0.052117 0.065153
1 0.675361 0.837690 0.021372 0.074269
2 0.315900 0.272887 0.012633 0.022144
1 0.489805 0.684840 0.025260 0.044903
2 0.327798 0.866150 0.012633 0.022144
1 0.333878 0.534581 0.014573 0.041449
2 0.835168 0.839377 0.012633 0.022144
1 0.495147 0.861437 0.015544 0.054403
2 0.624839 0.772887 0.012630 0.022144
1 0.422284 0.636479 0.014573 0.053542
1 0.655203 0.460315 0.040318 0.055269
1 0.775911 0.311782 0.023318 0.032815
6 0.522198 0.311354 0.139844 0.230310
1 0.633129 0.533914 0.022852 0.035968
1 0.687473 0.573447 0.020341 0.033727
1 0.400669 0.621799 0.015057 0.056995
2 0.592779 0.895512 0.012630 0.022144
2 0.882286 0.776340 0.012630 0.022144
1 0.811372 0.325600 0.022344 0.050088
1 0.406984 0.715495 0.021859 0.035407
1 0.669046 0.407639 0.019430 0.051815
1 0.353065 0.500037 0.017974 0.044907
2 0.479113 0.788428 0.012633 0.022144
2 0.598121 0.363558 0.012633 0.022144
1 0.640872 0.603234 0.031089 0.054403
1 0.559267 0.575169 0.027201 0.067356
1 0.699298 0.623678 0.022539 0.055486
2 0.408193 0.784975 0.012630 0.022144
2 0.852655 0.854058 0.012633 0.022144
6 0.271358 0.621248 0.100388 0.187005
2 0.161431 0.680484 0.012633 0.022144
2 0.281898 0.905009 0.012630 0.022148
1 0.387553 0.673613 0.017003 0.034542
2 0.620952 0.703799 0.012633 0.022144
2 0.264897 0.813472 0.012633 0.022148
2 0.150020 0.899396 0.015065 0.035097
2 0.506801 0.665803 0.012633 0.022144
1 0.515793 0.870505 0.024773 0.053537
1 0.906172 0.135875 0.033161 0.049815
1 0.345051 0.866618 0.019430 0.069949
2 0.796794 0.689984 0.012630 0.022144
2 0.811367 0.791021 0.012630 0.022144
2 0.341160 0.771160 0.012633 0.022144
2 0.366418 0.912780 0.012633 0.022144
3 0.323083 0.146137 0.174198 0.150449
1 0.340193 0.933111 0.020401 0.059583
2 0.163374 0.729706 0.012633 0.022144
1 0.663217 0.901593 0.028174 0.044907
1 0.773483 0.474562 0.035945 0.028495
1 0.438557 0.518606 0.011172 0.016407
1 0.918966 0.326463 0.031573 0.041454
2 0.626781 0.733160 0.012630 0.022144
1 0.578211 0.549692 0.038859 0.054403
2 0.384392 0.081174 0.012633 0.022144
2 0.210007 0.542315 0.012633 0.022148
1 0.214384 0.761697 0.037888 0.048356
2 0.352332 0.644215 0.012633 0.022144
2 0.159003 0.284975 0.012630 0.022144
2 0.149773 0.493956 0.012630 0.022144
1 0.637758 0.301775 0.017229 0.035449
1 0.762311 0.409796 0.026232 0.042315
2 0.345046 0.237479 0.012633 0.022144
1 0.923337 0.248743 0.024773 0.034542
1 0.781012 0.292352 0.016029 0.025046
2 0.397507 0.145076 0.012633 0.022144
2 0.153660 0.591539 0.012633 0.022144
2 0.189120 0.575132 0.012630 0.022144
2 0.560233 0.831609 0.012633 0.022144
1 0.853875 0.417569 0.047120 0.042315
1 0.929167 0.668000 0.029630 0.042315
2 0.392164 0.789294 0.012630 0.022144
1 0.973855 0.579053 0.019914 0.033681
2 0.612694 0.251294 0.012633 0.022144
2 0.371273 0.527046 0.016036 0.023870
1 0.428546 0.181347 0.028878 0.038167
1 0.497034 0.608873 0.018005 0.030718
2 0.364961 0.108808 0.012630 0.022144
2 0.353789 0.261660 0.012630 0.022144
2 0.054566 0.571676 0.012633 0.022148
2 0.871600 0.757340 0.012633 0.022144
2 0.591322 0.797063 0.012633 0.022144
2 0.419852 0.177894 0.012630 0.022148
2 0.102655 0.707255 0.012633 0.022148
1 0.830801 0.867912 0.032060 0.062176
1 0.428268 0.239417 0.018599 0.034222
1 0.478875 0.842007 0.020885 0.055264
2 0.155603 0.303109 0.012633 0.022144
2 0.347960 0.314336 0.012633 0.022144
2 0.703142 0.501944 0.023357 0.033185
1 0.653017 0.408067 0.022346 0.047495
1 0.656902 0.862301 0.034003 0.045769
1 0.690414 0.636803 0.020526 0.039431
1 0.721993 0.304009 0.012628 0.036269
