1 0.734379 0.426981 0.017487 0.020722
2 0.895669 0.655838 0.010687 0.019861
2 0.488611 0.777597 0.010685 0.019861
1 0.421839 0.518627 0.016318 0.027440
1 0.524840 0.281951 0.018169 0.026912
1 0.298904 0.926549 0.019917 0.031949
1 0.695066 0.840046 0.030857 0.046667
6 0.596443 0.144609 0.059198 0.093653
2 0.467237 0.921813 0.010687 0.019866
1 0.676090 0.939933 0.009716 0.031088
1 0.212198 0.774132 0.027203 0.048356
2 0.543986 0.759463 0.010685 0.019861
2 0.325398 0.765509 0.010687 0.019861
2 0.325883 0.777597 0.010688 0.019861
2 0.316168 0.800914 0.010685 0.019866
7 0.162630 0.763396 0.071354 0.123106
1 0.832501 0.566014 0.015544 0.029361
1 0.359380 0.717569 0.023318 0.023315
2 0.420604 0.742192 0.010688 0.019866
2 0.468695 0.888134 0.010687 0.019861
2 0.370086 0.894181 0.010688 0.019861
1 0.599590 0.483759 0.013435 0.022241
2 0.626078 0.755146 0.010687 0.019866
1 0.260286 0.745201 0.018458 0.030227
2 0.483664 0.599833 0.010693 0.019861
2 0.567302 0.304368 0.010687 0.019866
1 0.691997 0.432333 0.034635 0.043315
1 0.101931 0.711523 0.013602 0.021593
1 0.355009 0.800470 0.015544 0.047495
1 0.204182 0.952023 0.042260 0.084630
2 0.627049 0.291417 0.010687 0.019861
2 0.289909 0.592370 0.010693 0.019861
1 0.868691 0.726204 0.024773 0.038861
2 0.542529 0.838912 0.010687 0.019861
2 0.372516 0.651519 0.010687 0.019861
2 0.547872 0.918359 0.010687 0.019866
2 0.388060 0.870861 0.010687 0.019861
1 0.057243 0.796583 0.034003 0.046630
1 0.804569 0.342775 0.024768 0.028514
2 0.661538 0.639431 0.010685 0.019861
1 0.730493 0.904530 0.017487 0.037995
2 0.239905 0.701606 0.010685 0.019861
2 0.674167 0.717148 0.010687 0.019861
2 0.438092 0.875181 0.010685 0.019861
1 0.402036 0.554836 0.015995 0.029023
2 0.205417 0.705060 0.010688 0.019861
6 0.423358 0.173208 0.069893 0.183463
2 0.407422 0.711750 0.010693 0.019861
2 0.400689 0.663609 0.010685 0.019866
6 0.348918 0.318711 0.041867 0.138616
2 0.604219 0.413176 0.010687 0.019861
1 0.321656 0.520130 0.015469 0.027306
2 0.517755 0.954630 0.010687 0.019861
2 0.426919 0.747375 0.010688 0.019861
1 0.842945 0.449866 0.013115 0.021593
1 0.828130 0.911005 0.010687 0.023315
2 0.676111 0.617840 0.010685 0.019866
1 0.158036 0.568174 0.020885 0.030227
2 0.984315 0.707211 0.016995 0.027616
2 0.414290 0.750829 0.010685 0.019861
2 0.281195 0.380361 0.010687 0.019861
1 0.375167 0.395028 0.014089 0.032815
1 0.164108 0.885100 0.019430 0.026773
1 0.370552 0.919641 0.014573 0.033681
1 0.792914 0.465407 0.023802 0.045769
2 0.272936 0.872588 0.010685 0.019861
2 0.293824 0.825093 0.010685 0.019861
2 0.270993 0.275870 0.010685 0.019861
2 0.658624 0.658426 0.010685 0.019861
1 0.844646 0.639414 0.034974 0.034542
2 0.392917 0.842366 0.010687 0.019861
2 0.853648 0.687366 0.017964 0.031102
1 0.591085 0.933891 0.017487 0.024181
1 0.250572 0.848831 0.017487 0.044042
2 0.380288 0.772417 0.010685 0.019861
2 0.494924 0.410586 0.010687 0.019866
2 0.463898 0.693819 0.010693 0.019861
2 0.568759 0.846681 0.010685 0.019861
1 0.325378 0.393301 0.020401 0.022454
2 0.415115 0.685634 0.010693 0.019861
1 0.684833 0.290539 0.024286 0.027634
2 0.597418 0.729241 0.010685 0.019861
2 0.539128 0.502986 0.010687 0.019861
2 0.301111 0.642884 0.010685 0.019861
2 0.399232 0.369134 0.010687 0.019861
3 0.521033 0.446560 0.106810 0.112194
2 0.892755 0.795731 0.010687 0.019861
2 0.602276 0.294005 0.010688 0.019861
1 0.429219 0.435896 0.019661 0.028394
2 0.315682 0.763782 0.010687 0.019861
2 0.408947 0.879498 0.010685 0.019866
6 0.599828 0.593336 0.038698 0.096347
5 0.775913 0.541836 0.072378 0.151986
2 0.424491 0.877771 0.010685 0.019866
1 0.366181 0.762905 0.012628 0.024181
2 0.651823 0.659292 0.010687 0.019861
1 0.479447 0.653162 0.020727 0.033648
2 0.566816 0.821639 0.010685 0.019861
1 0.765711 0.324218 0.023802 0.043176
2 0.271479 0.648065 0.010687 0.019861
1 0.564202 0.683461 0.026430 0.031042
2 0.573130 0.881225 0.010687 0.019866
2 0.594504 0.394181 0.010685 0.019861
2 0.370573 0.672245 0.010687 0.019861
2 0.550301 0.756009 0.010685 0.019861
2 0.724199 0.386407 0.010685 0.019861
1 0.228956 0.948569 0.020885 0.039722
1 0.356952 0.843218 0.009716 0.025907
2 0.587217 0.308685 0.010685 0.019861
2 0.505612 0.951174 0.010687 0.019866
2 0.420604 0.361363 0.010688 0.019866
1 0.397755 0.420072 0.010688 0.027634
2 0.281680 0.348410 0.010687 0.019866
2 0.215133 0.663609 0.010687 0.019866
2 0.530383 0.374308 0.018453 0.021569
2 0.544471 0.854454 0.010687 0.019861
5 0.665423 0.143317 0.066549 0.045773
2 0.217561 0.681743 0.010685 0.019866
2 0.852438 0.870000 0.010687 0.019861
1 0.424426 0.702604 0.023331 0.032088
1 0.533345 0.794127 0.025768 0.033634
2 0.560501 0.914903 0.010685 0.019861
1 0.376624 0.708933 0.010201 0.026773
2 0.303198 0.550090 0.010693 0.019856
2 0.894454 0.932176 0.023799 0.042315
2 0.391945 0.632519 0.010687 0.019861
2 0.632392 0.623023 0.010685 0.019861
7 0.956164 0.334350 0.073453 0.074634
2 0.496867 0.771553 0.010687 0.019866
1 0.352823 0.623009 0.007286 0.019000
2 0.611991 0.514213 0.010685 0.019861
2 0.442949 0.939947 0.010685 0.019866
1 0.249358 0.934752 0.016029 0.020727
2 0.404576 0.753419 0.010687 0.019866
1 0.953939 0.743042 0.032060 0.051815
5 0.682904 0.365565 0.049109 0.049843
2 0.291396 0.300914 0.010687 0.019866
2 0.594990 0.586752 0.010688 0.019866
2 0.380773 0.909722 0.010687 0.019861
2 0.628992 0.772417 0.010687 0.019861
2 0.601305 0.314731 0.010688 0.019861
2 0.596932 0.423539 0.010687 0.019866
2 0.307911 0.386407 0.010688 0.019861
1 0.713736 0.915755 0.009232 0.022454
2 0.509497 0.895042 0.010687 0.019861
2 0.454122 0.693833 0.010687 0.019861
2 0.555158 0.346681 0.010685 0.019861
1 0.252281 0.484623 0.043042 0.033069
2 0.230190 0.710241 0.010688 0.019861
2 0.408947 0.914903 0.010685 0.019861
2 0.531357 0.625611 0.010687 0.019861
2 0.457522 0.795731 0.010685 0.019861
2 0.949589 0.529757 0.010687 0.019866
1 0.808701 0.743907 0.022344 0.048361
1 0.343350 0.962387 0.012628 0.025903
2 0.673681 0.643745 0.010685 0.019861
2 0.412833 0.368273 0.010687 0.019861
2 0.889354 0.697287 0.010687 0.019861
2 0.283624 0.311278 0.010685 0.019861
1 0.294775 0.869556 0.027201 0.023315
1 0.283361 0.784926 0.024773 0.037130
1 0.384396 0.431299 0.017974 0.025903
2 0.291880 0.260329 0.010687 0.019861
2 0.429814 0.822060 0.010685 0.019861
2 0.646479 0.610069 0.010687 0.019861
2 0.558073 0.817319 0.010687 0.019861
