1 0.506641 0.195709 0.029568 0.052965
1 0.191549 0.191941 0.047187 0.072158
1 0.960794 0.333030 0.033916 0.063935
1 0.510257 0.424207 0.024649 0.041585
1 0.750721 0.090484 0.032782 0.054131
1 0.366936 0.303195 0.021841 0.044799
1 0.870390 0.272218 0.026336 0.056473
6 0.494640 0.507785 0.086962 0.144444
1 0.321497 0.719946 0.022875 0.040128
1 0.457557 0.216282 0.032796 0.063204
1 0.677837 0.180366 0.021618 0.036084
1 0.574916 0.259324 0.023699 0.036348
1 0.255139 0.493986 0.025034 0.045337
6 0.327933 0.621678 0.078199 0.198959
1 0.646618 0.328584 0.020036 0.042110
6 0.712062 0.306474 0.095892 0.178984
1 0.724623 0.106443 0.019931 0.042204
1 0.973732 0.048682 0.036506 0.047771
1 0.651358 0.270402 0.021566 0.037494
1 0.299089 0.236343 0.063281 0.172685
1 0.584291 0.026361 0.020504 0.034527
1 0.786325 0.027423 0.036978 0.054846
1 0.514480 0.230050 0.022294 0.036956
6 0.548895 0.394862 0.081439 0.156822
1 0.105097 0.150295 0.034367 0.068333
1 0.705694 0.173176 0.020531 0.031199
1 0.522965 0.079113 0.043103 0.061576
1 0.165226 0.830535 0.044510 0.065684
1 0.391241 0.221191 0.026195 0.047146
1 0.206934 0.476523 0.026257 0.053936
1 0.445820 0.050520 0.035374 0.050634
1 0.349775 0.180747 0.028451 0.051040
1 0.622464 0.040133 0.017809 0.031902
1 0.557897 0.047964 0.033582 0.059333
1 0.770938 0.125533 0.017550 0.032469
