8 0.120347 0.734489 0.095533 0.148976
8 0.275389 0.235371 0.035279 0.045162
8 0.799949 0.110133 0.060339 0.065274
8 0.018177 0.883678 0.036065 0.113279
8 0.740367 0.857523 0.073139 0.084805
1 0.285088 0.301731 0.056443 0.084050
1 0.425998 0.138678 0.038503 0.052997
1 0.498930 0.144305 0.050905 0.057308
1 0.467398 0.466464 0.057854 0.085041
1 0.470487 0.310246 0.033495 0.046103
1 0.550717 0.491317 0.044604 0.072193
1 0.594825 0.139206 0.043578 0.054422
1 0.536252 0.079658 0.031748 0.057407
8 0.185812 0.072886 0.023640 0.041228
1 0.490925 0.071235 0.027933 0.048581
1 0.399603 0.364142 0.057331 0.078978
1 0.839814 0.302561 0.042847 0.057599
