2 0.202186 0.308271 0.012346 0.023255
1 0.619497 0.145315 0.016917 0.022556
2 0.960645 0.687970 0.012346 0.023255
1 0.653017 0.232563 0.025268 0.039597
1 0.199737 0.377771 0.023260 0.028819
1 0.448915 0.048824 0.018326 0.040102
2 0.522561 0.979951 0.022930 0.035782
2 0.527842 0.442354 0.012346 0.023255
2 0.913418 0.720553 0.012346 0.023255
1 0.616574 0.180065 0.024669 0.035333
1 0.738977 0.474889 0.024672 0.062657
1 0.471516 0.124104 0.021094 0.036264
1 0.678922 0.150856 0.025766 0.040991
1 0.346444 0.249289 0.028076 0.044125
1 0.134184 0.969248 0.020440 0.046366
1 0.382655 0.681655 0.023966 0.035088
1 0.474727 0.408641 0.021630 0.040736
1 0.408384 0.791303 0.024669 0.031329
1 0.780565 0.161604 0.027490 0.042606
1 0.185641 0.210479 0.024672 0.042606
2 0.253642 0.476192 0.012346 0.023255
2 0.277608 0.729322 0.012346 0.023255
2 0.892975 0.731831 0.012346 0.023255
2 0.520090 0.461150 0.012346 0.023255
1 0.386484 0.252606 0.024344 0.037796
2 0.835880 0.783840 0.015167 0.034542
1 0.838717 0.186669 0.038065 0.025060
2 0.599741 0.424813 0.012346 0.023255
1 0.472655 0.235898 0.097029 0.134704
2 0.818962 0.686715 0.012346 0.023255
2 0.720277 0.600252 0.012346 0.023255
2 0.843634 0.492479 0.012346 0.023255
1 0.226172 0.358968 0.021146 0.038861
3 0.534905 0.172975 0.137674 0.125208
2 0.613611 0.934086 0.012346 0.023255
1 0.609982 0.517495 0.027490 0.037593
1 0.301947 0.251206 0.017622 0.046366
2 0.775708 0.992361 0.017828 0.015278
2 0.527139 0.895988 0.012346 0.023255
2 0.954301 0.609021 0.012346 0.023255
2 0.416470 0.487470 0.012346 0.023255
1 0.385460 0.112056 0.016315 0.028861
8 0.166732 0.459991 0.027422 0.049556
2 0.276905 0.557646 0.012346 0.023255
3 0.142639 0.363986 0.120539 0.141602
2 0.906368 0.809525 0.012346 0.023255
1 0.532195 0.122576 0.022448 0.031403
1 0.630424 0.380903 0.019031 0.037593
1 0.814753 0.281280 0.026786 0.028819
2 0.826715 0.724313 0.012346 0.023255
1 0.418605 0.093935 0.028195 0.030074
1 0.158150 0.630278 0.038768 0.052630
2 0.971923 0.696743 0.012346 0.023255
2 0.410832 0.557646 0.012346 0.023255
2 0.837993 0.626567 0.012346 0.023255
2 0.794290 0.672933 0.012346 0.023255
1 0.381246 0.151581 0.023966 0.035088
2 0.458764 0.467419 0.012346 0.023255
2 0.532777 0.655387 0.012346 0.023255
1 0.741766 0.628537 0.027281 0.057000
2 0.859139 0.582706 0.012346 0.023255
1 0.280447 0.142181 0.028195 0.043861
1 0.393355 0.407030 0.020669 0.040588
2 0.885220 0.466164 0.012346 0.023255
1 0.375960 0.777521 0.026081 0.041356
2 0.703361 0.605262 0.012346 0.023255
2 0.478501 0.441104 0.012346 0.023255
2 0.749884 0.596493 0.012346 0.023255
1 0.508383 0.205236 0.022766 0.039685
2 0.764686 0.649123 0.012346 0.023255
1 0.686462 0.395315 0.031013 0.051380
2 0.579301 0.414785 0.012346 0.023255
2 0.272676 0.491229 0.012346 0.023255
2 0.823194 0.576449 0.016581 0.038306
2 0.241660 0.553887 0.012346 0.023255
7 0.359392 0.425708 0.077018 0.076926
1 0.330495 0.196067 0.021146 0.043856
1 0.904978 0.265613 0.032424 0.042606
2 0.545465 0.575187 0.012346 0.023255
1 0.469710 0.520002 0.016211 0.047616
1 0.149690 0.417870 0.054276 0.048870
2 0.916941 0.621553 0.012346 0.023255
1 0.230406 0.597692 0.023979 0.035079
2 0.431884 0.393315 0.046268 0.088759
1 0.612449 0.017495 0.025378 0.020046
1 0.931207 0.109583 0.120841 0.122019
2 0.532074 0.758146 0.012346 0.023255
1 0.549538 0.198979 0.017685 0.035394
2 0.237431 0.494988 0.012346 0.023255
1 0.970174 0.109380 0.041974 0.074611
1 0.508624 0.291148 0.020185 0.031500
1 0.106497 0.539259 0.077255 0.096537
2 0.428849 0.824039 0.018307 0.032329
1 0.292431 0.404713 0.009867 0.030074
2 0.348803 0.682956 0.012346 0.023255
8 0.064432 0.485273 0.086495 0.106750
2 0.936678 0.721803 0.012346 0.023255
