6 0.604317 0.232395 0.127310 0.183392
6 0.516604 0.226482 0.060161 0.150380
1 0.868609 0.133300 0.029560 0.046416
1 0.210335 0.185901 0.017032 0.038390
1 0.685545 0.086572 0.027940 0.050967
1 0.542462 0.058868 0.016876 0.032161
1 0.561861 0.053802 0.018580 0.034663
6 0.130035 0.238749 0.260071 0.418093
1 0.495643 0.048291 0.017475 0.032869
1 0.482907 0.254340 0.024044 0.038545
1 0.703688 0.152546 0.033330 0.049593
1 0.510173 0.624998 0.042504 0.069682
1 0.514101 0.059563 0.017500 0.033053
6 0.125657 0.866748 0.077171 0.258853
1 0.470129 0.824914 0.030322 0.072419
1 0.384830 0.270513 0.017082 0.037950
1 0.854080 0.347453 0.043260 0.086887
