6 0.376452 0.177998 0.073666 0.261874
6 0.125864 0.514300 0.108779 0.191638
1 0.765376 0.405905 0.036443 0.078450
6 0.900936 0.219893 0.170564 0.412806
6 0.435082 0.285250 0.052623 0.131687
1 0.486598 0.234827 0.032299 0.047317
1 0.553801 0.241896 0.032819 0.062074
1 0.606321 0.319658 0.029077 0.054865
6 0.496759 0.701226 0.057047 0.229107
1 0.559309 0.193873 0.020444 0.042726
3 0.205441 0.221785 0.188959 0.192026
6 0.939725 0.519462 0.093730 0.296138
1 0.515457 0.017340 0.018120 0.033188
1 0.185776 0.465818 0.034159 0.055393
6 0.531922 0.895205 0.075291 0.206468
1 0.777110 0.034901 0.049079 0.068467
1 0.671096 0.434308 0.074851 0.089623
