1 0.392346 0.127203 0.022763 0.046999
1 0.243762 0.089923 0.037028 0.057538
1 0.606661 0.141282 0.023733 0.047162
1 0.173640 0.361125 0.039488 0.060508
1 0.435154 0.160429 0.022440 0.039403
1 0.569624 0.065688 0.031555 0.050808
1 0.578714 0.262769 0.026111 0.042618
6 0.820492 0.374516 0.046328 0.188972
1 0.692320 0.106512 0.024063 0.044888
3 0.095312 0.237963 0.190625 0.187963
1 0.415119 0.143221 0.021060 0.037598
1 0.496211 0.150358 0.019813 0.034696
1 0.505759 0.056285 0.019602 0.031273
1 0.860286 0.811806 0.059635 0.096759
1 0.558367 0.366168 0.017095 0.029043
1 0.851546 0.056865 0.040020 0.079667
1 0.431669 0.376703 0.018254 0.034946
1 0.483349 0.040093 0.015024 0.026450
1 0.479890 0.343552 0.028514 0.045255
1 0.499997 0.178040 0.019686 0.030580
1 0.399930 0.432792 0.032954 0.063099
