1 0.692986 0.223451 0.027596 0.038292
2 0.591322 0.215025 0.012654 0.023310
2 0.660314 0.927928 0.012654 0.023310
2 0.592293 0.739206 0.012654 0.023310
2 0.258096 0.607947 0.012651 0.023310
2 0.288698 0.619171 0.012651 0.023315
1 0.610152 0.447611 0.028617 0.044546
2 0.506315 0.908465 0.012651 0.023310
1 0.802871 0.197794 0.010201 0.037995
1 0.525255 0.745363 0.026839 0.043662
1 0.517978 0.126979 0.021372 0.031088
2 0.219236 0.779794 0.012654 0.023310
2 0.822053 0.495683 0.012654 0.023310
7 0.194224 0.142479 0.066969 0.071894
2 0.275098 0.601900 0.012654 0.023310
2 0.539346 0.775475 0.012651 0.023310
1 0.656087 0.091748 0.024617 0.036134
3 0.248952 0.273676 0.131117 0.138204
2 0.772507 0.978410 0.012654 0.023310
2 0.566062 0.875648 0.012651 0.023315
1 0.568533 0.563535 0.017966 0.033653
2 0.207092 0.802248 0.012654 0.023310
2 0.521858 0.976683 0.012654 0.023310
1 0.470835 0.530444 0.020070 0.030843
1 0.079831 0.731039 0.033031 0.035403
1 0.530681 0.592845 0.015576 0.027727
2 0.448025 0.562176 0.012654 0.023315
1 0.441999 0.489109 0.030023 0.042116
2 0.274612 0.449914 0.012651 0.023310
3 0.822049 0.753028 0.271005 0.228019
2 0.244495 0.591537 0.012651 0.023315
6 0.375099 0.687812 0.056599 0.241838
2 0.270725 0.626081 0.012654 0.023310
1 0.078616 0.770762 0.027690 0.040588
2 0.684586 0.746979 0.012651 0.023310
1 0.734195 0.033273 0.030974 0.045009
1 0.532155 0.261625 0.029508 0.036444
1 0.535225 0.465502 0.028706 0.044875
2 0.458711 0.618308 0.012651 0.023310
2 0.877914 0.477549 0.012651 0.023310
2 0.785135 0.867877 0.012651 0.023310
2 0.402365 0.715025 0.012651 0.023310
2 0.267326 0.949049 0.012651 0.023310
2 0.252267 0.502590 0.012654 0.023310
1 0.347168 0.689653 0.019779 0.039806
2 0.603465 0.816926 0.012654 0.023315
1 0.663872 0.035220 0.025365 0.037282
1 0.516521 0.187000 0.023318 0.049222
1 0.556109 0.518174 0.036432 0.043181
1 0.876706 0.328192 0.035458 0.060449
2 0.896374 0.479275 0.012654 0.023310
1 0.749924 0.500037 0.031573 0.046630
2 0.692358 0.749567 0.012654 0.023310
2 0.422280 0.885146 0.012654 0.023310
1 0.647917 0.316963 0.027687 0.051815
1 0.508263 0.507810 0.032057 0.020722
1 0.732680 0.359711 0.023318 0.037134
6 0.135694 0.446400 0.153482 0.301190
1 0.766684 0.459019 0.015544 0.031954
1 0.489638 0.731238 0.027115 0.059116
1 0.210363 0.898609 0.043008 0.066236
2 0.160945 0.387738 0.012651 0.023310
2 0.442195 0.711572 0.012651 0.023310
2 0.207092 0.645076 0.012654 0.023310
1 0.373560 0.273722 0.033182 0.053981
1 0.309833 0.307465 0.027688 0.043181
2 0.324645 0.582900 0.012654 0.023310
1 0.828859 0.825600 0.020401 0.055264
1 0.654232 0.467222 0.017000 0.025907
1 0.600560 0.538692 0.038042 0.044468
1 0.454102 0.066530 0.023802 0.034542
2 0.434423 0.878238 0.012654 0.023310
1 0.703880 0.440236 0.050943 0.101407
2 0.453854 0.763387 0.012651 0.023310
1 0.307891 0.696067 0.017000 0.056995
1 0.516922 0.591227 0.015141 0.026241
6 0.377326 0.266069 0.114589 0.165231
1 0.406555 0.117713 0.020646 0.038185
1 0.498148 0.211044 0.019844 0.034282
2 0.704016 0.976683 0.012651 0.023310
1 0.330234 0.453405 0.023802 0.060449
1 0.592298 0.488380 0.024289 0.049222
2 0.266354 0.503456 0.012651 0.023310
2 0.684586 0.708118 0.012651 0.023310
2 0.451911 0.867012 0.012651 0.023310
2 0.803108 0.887738 0.012654 0.023310
2 0.806509 0.972368 0.012654 0.023310
2 0.753562 0.926600 0.012651 0.023310
7 0.922729 0.428514 0.116021 0.127176
2 0.417423 0.564766 0.012654 0.023310
2 0.818652 0.866150 0.012654 0.023310
2 0.701587 0.951641 0.012654 0.023310
1 0.535707 0.509970 0.014086 0.037134
2 0.793395 0.907600 0.012654 0.023310
2 0.347474 0.961141 0.012651 0.023310
1 0.642331 0.631299 0.023318 0.053542
2 0.521374 0.715025 0.012654 0.023310
1 0.833960 0.187863 0.032544 0.044042
6 0.053559 0.662581 0.107117 0.368236
2 0.189605 0.708981 0.012654 0.023315
1 0.863102 0.409354 0.026724 0.063884
2 0.722960 0.917100 0.012654 0.023310
2 0.346017 0.475822 0.012654 0.023310
2 0.547118 0.772021 0.012654 0.023310
2 0.226522 0.551812 0.012654 0.023310
1 0.365937 0.448657 0.026229 0.056130
1 0.499277 0.431387 0.030602 0.050949
2 0.642811 0.819516 0.012654 0.023310
2 0.263926 0.543178 0.012654 0.023310
1 0.406398 0.400141 0.028052 0.048736
1 0.873305 0.174044 0.019917 0.031949
2 0.770564 0.947322 0.012654 0.023310
1 0.250087 0.433977 0.041289 0.042315
1 0.529038 0.040706 0.021466 0.038810
2 0.816710 0.623488 0.012654 0.023310
2 0.435882 0.551812 0.012654 0.023310
2 0.725388 0.963729 0.012651 0.023310
1 0.621171 0.289870 0.017070 0.037870
6 0.594707 0.387032 0.074820 0.196907
1 0.279900 0.402535 0.025591 0.033514
2 0.683615 0.358377 0.012651 0.023310
1 0.770568 0.379139 0.029146 0.048361
2 0.087112 0.418826 0.012651 0.023310
1 0.638520 0.249815 0.022227 0.036463
2 0.630667 0.990287 0.012651 0.019426
2 0.422766 0.552678 0.012651 0.023310
1 0.612456 0.099347 0.013115 0.029361
1 0.022997 0.833370 0.029146 0.048361
2 0.205150 0.781521 0.012654 0.023310
1 0.832105 0.737231 0.027612 0.085815
2 0.803108 0.933507 0.012654 0.023310
2 0.283355 0.668396 0.012654 0.023310
1 0.478565 0.055262 0.026260 0.037560
1 0.722479 0.119641 0.018458 0.031949
1 0.378163 0.495329 0.019883 0.035009
1 0.665160 0.544942 0.027201 0.067356
1 0.590355 0.064803 0.019430 0.024181
