1 0.22298958333333332438 0.34565740740740735770 0.08108854166666666641 0.07656481481481480778
1 0.13219921874999998601 0.88022222222222223920 0.08652343749999999445 0.14967592592592579570
2 0.38723567708333334059 0.41716435185185185563 0.01388802083333337371 0.03409722222222220933
2 0.09490755208333333248 0.59412037037037035425 0.05753906250000000167 0.06349074074074068097
8 0.38594401041666670515 0.86435648148148147563 0.05936197916666667573 0.04207407407407412481
8 0.67625651041666656749 0.33192129629629629761 0.02447135416666661525 0.04467592592592592449
8 0.34259244791666659813 0.40011574074074074403 0.06481510416666669272 0.08230555555555554847
8 0.56481510416666680374 0.39541435185185186407 0.04629687500000004979 0.09876388888888890105
8 0.29199739583333333970 0.43539120370370365531 0.02976041666666666072 0.05408796296296298350
8 0.48412630208333334858 0.26607870370370373392 0.07010677083333334558 0.05173148148148148245
