2 0.649818 0.491072 0.012245 0.019681
1 0.835480 0.490065 0.023898 0.060102
2 0.533820 0.200919 0.012245 0.019681
2 0.394507 0.202993 0.012242 0.019681
2 0.413742 0.865167 0.012245 0.019685
2 0.554221 0.201956 0.012245 0.019681
8 0.085151 0.182836 0.035677 0.101542
2 0.801372 0.225789 0.012245 0.019681
2 0.580453 0.280711 0.012245 0.019681
2 0.485440 0.147032 0.012245 0.019685
2 0.578703 0.135632 0.012245 0.019681
2 0.811865 0.230970 0.012245 0.019681
1 0.364495 0.169340 0.014573 0.032125
2 0.598522 0.210243 0.012242 0.019681
2 0.568211 0.933560 0.012245 0.019685
2 0.307654 0.910762 0.012245 0.019681
1 0.488361 0.297836 0.046633 0.096375
2 0.385763 0.149104 0.012245 0.019681
2 0.703445 0.359465 0.012245 0.019681
1 0.639042 0.621669 0.064703 0.105699
2 0.415206 0.229419 0.012245 0.019681
2 0.079156 0.241331 0.012245 0.019681
2 0.544896 0.386410 0.012245 0.019681
1 0.291341 0.962602 0.047797 0.047667
2 0.430646 0.332525 0.012245 0.019681
2 0.291917 0.906618 0.012245 0.019681
2 0.628250 0.884854 0.012245 0.019681
2 0.337966 0.819572 0.012245 0.019681
2 0.548977 0.476567 0.012245 0.019681
2 0.251112 0.830970 0.012245 0.019681
2 0.076826 0.308692 0.012245 0.019681
2 0.442305 0.305581 0.012245 0.019681
1 0.852383 0.548613 0.013406 0.056995
2 0.688289 0.457914 0.012245 0.019681
2 0.680128 0.498326 0.012245 0.019681
2 0.589195 0.186410 0.012245 0.019681
2 0.571708 0.235116 0.012245 0.019685
2 0.124622 0.478637 0.012245 0.019681
2 0.247033 0.863095 0.012242 0.019681
2 0.411995 0.141850 0.012245 0.019681
1 0.363038 0.958977 0.019820 0.063213
2 0.205646 0.121127 0.012245 0.019681
1 0.880655 0.340322 0.017487 0.065282
1 0.519839 0.814417 0.041969 0.116065
2 0.760569 0.368794 0.012242 0.019681
2 0.716852 0.368794 0.012245 0.019681
2 0.477279 0.434076 0.012245 0.019681
1 0.205654 0.492137 0.041969 0.031088
2 0.554221 0.882785 0.012245 0.019681
2 0.529156 0.376049 0.012245 0.019681
2 0.660893 0.471387 0.012245 0.019681
2 0.760569 0.382266 0.012242 0.019681
2 0.781553 0.197808 0.012242 0.019681
2 0.705193 0.991912 0.012245 0.016176
2 0.204482 0.148067 0.012245 0.019681
1 0.843641 0.954831 0.028563 0.073579
2 0.045932 0.274493 0.012245 0.019681
1 0.430072 0.507681 0.059456 0.064250
2 0.692953 0.509727 0.012245 0.019685
2 0.371773 0.846516 0.012245 0.019681
2 0.591527 0.119053 0.012242 0.019681
2 0.649234 0.441331 0.012245 0.019681
2 0.386930 0.156359 0.012245 0.019681
2 0.413163 0.276583 0.017477 0.026926
2 0.594441 0.450660 0.012242 0.019681
1 0.918543 0.470375 0.024482 0.062176
2 0.136865 0.261021 0.012245 0.019681
2 0.732590 0.953250 0.012242 0.019685
2 0.234792 0.149104 0.012245 0.019681
2 0.342625 0.852734 0.011083 0.019681
2 0.474365 0.092109 0.012245 0.019681
2 0.445219 0.100400 0.012245 0.019681
2 0.569378 0.921127 0.012245 0.019681
1 0.316435 0.502347 0.106089 0.162713
2 0.561216 0.440299 0.012245 0.019681
1 0.600570 0.099389 0.018068 0.037306
1 0.467960 0.570894 0.030310 0.041454
2 0.174169 0.283822 0.012245 0.019681
2 0.102473 0.301438 0.012242 0.019681
2 0.321061 0.877604 0.012242 0.019681
2 0.417823 0.094183 0.012245 0.019681
2 0.605517 0.911799 0.012242 0.019681
6 0.297764 0.413079 0.103497 0.225954
2 0.428315 0.108692 0.012245 0.019681
1 0.521005 0.557937 0.048964 0.119171
2 0.184079 0.197808 0.012242 0.019681
2 0.126956 0.461021 0.012245 0.019681
2 0.642240 0.854803 0.012245 0.019681
2 0.786799 0.278637 0.012245 0.019681
2 0.136865 0.473456 0.012245 0.019681
2 0.593859 0.228896 0.012245 0.019681
2 0.335051 0.909727 0.012242 0.019685
2 0.459208 0.216461 0.012245 0.019681
8 0.577254 0.399907 0.037888 0.062176
2 0.773393 0.116979 0.012245 0.019681
2 0.548393 0.873456 0.012245 0.019681
2 0.485440 0.118016 0.012245 0.019681
2 0.294247 0.877604 0.012245 0.019681
2 0.492435 0.187447 0.012245 0.019681
2 0.249948 0.626826 0.012245 0.019681
2 0.598522 0.168794 0.012242 0.019681
1 0.502643 0.652757 0.020401 0.058032
2 0.767564 0.282785 0.012242 0.019681
1 0.619708 0.511875 0.076938 0.069028
2 0.561799 0.874493 0.012245 0.019681
1 0.670810 0.093171 0.037307 0.026944
2 0.600271 0.476567 0.012245 0.019681
2 0.581618 0.448586 0.012242 0.019681
2 0.539066 0.885891 0.012242 0.019681
2 0.689454 0.481748 0.012242 0.019681
2 0.217305 0.081748 0.012245 0.019681
2 0.126372 0.417498 0.012245 0.019681
2 0.473198 0.161539 0.012245 0.019681
2 0.076242 0.337706 0.012245 0.019681
2 0.526826 0.919053 0.012245 0.019681
2 0.768729 0.376049 0.012245 0.019681
2 0.567628 0.806100 0.012245 0.019681
2 0.428898 0.883822 0.012245 0.019681
2 0.226632 0.125271 0.012242 0.019681
