8 0.836953 0.769092 0.121580 0.144161
8 0.245663 0.493140 0.072223 0.111047
1 0.650966 0.474377 0.092362 0.102185
1 0.342146 0.330932 0.031313 0.056383
1 0.558641 0.236658 0.087425 0.114899
1 0.370618 0.128152 0.041233 0.064519
1 0.431788 0.107083 0.031981 0.046609
1 0.507090 0.637318 0.042659 0.058036
1 0.613932 0.731481 0.112760 0.161111
1 0.231149 0.841016 0.098070 0.153592
8 0.547078 0.023140 0.062626 0.046281
8 0.374519 0.262276 0.043002 0.067976
1 0.378160 0.378689 0.055184 0.080065
1 0.679479 0.071185 0.039824 0.061738
1 0.499312 0.226961 0.030950 0.052258
6 0.145508 0.171627 0.064455 0.174500
1 0.327984 0.070106 0.053657 0.062260
1 0.729098 0.327199 0.057253 0.069432
8 0.529605 0.370067 0.068036 0.106043
1 0.469611 0.038910 0.034517 0.059691
1 0.475602 0.158870 0.030495 0.052638
1 0.018092 0.126629 0.036184 0.069701
