1 0.68766145833333325310 0.34010648148148148184 0.11033854166666662300 0.13746296296296300898
1 0.49695703125000001421 0.14240509259259259700 0.04517968750000000283 0.13437499999999999445
1 0.25760026041666667096 0.50305787037037041909 0.06689843750000003253 0.13592129629629637333
1 0.16680859375000001155 0.88764814814814818611 0.14943489583333333104 0.20387962962962968838
1 0.59382942708333341653 0.29145370370370365931 0.05299739583333327314 0.10812037037037035281
0 0.74717447916666657193 0.73551157407407408151 0.02954166666666668134 0.06023611111111106670
0 0.72458463541666662255 0.76408564814814816657 0.03475260416666673541 0.06795833333333331505
0 0.77454166666666657282 0.73628472222222218768 0.03214583333333334569 0.07105092592592583689
0 0.80234375000000002220 0.76176851851851856701 0.03735937500000000716 0.06641666666666667940
8 0.72501953124999996003 0.27678009259259261921 0.03735677083333340670 0.09421759259259261665
8 0.38010156250000004530 0.12464120370370371238 0.05126041666666664859 0.06178240740740740394
8 0.61945963541666659857 0.39262037037037034182 0.03996614583333339688 0.06024074074074074053
