2 0.701219 0.846530 0.013276 0.022375
2 0.492073 0.895025 0.013276 0.022375
1 0.458448 0.079662 0.018099 0.028972
2 0.594896 0.947252 0.013276 0.022375
1 0.339806 0.719127 0.068549 0.063421
2 0.622876 0.893782 0.013279 0.022370
2 0.642461 0.948498 0.013276 0.022375
1 0.499096 0.616137 0.029359 0.054208
2 0.677436 0.923627 0.013279 0.022375
2 0.687229 0.852748 0.013276 0.022375
2 0.161918 0.890053 0.013279 0.022375
2 0.338186 0.206113 0.013279 0.022375
1 0.396115 0.750213 0.041271 0.078343
6 0.267260 0.474528 0.200589 0.577287
2 0.722902 0.589118 0.013279 0.022375
2 0.546633 0.616477 0.013276 0.022370
1 0.042318 0.081822 0.023781 0.039792
2 0.634068 0.739586 0.013276 0.022375
1 0.594068 0.326794 0.018885 0.047255
2 0.524250 0.641347 0.013276 0.022370
2 0.578109 0.947252 0.013276 0.022375
1 0.848470 0.285759 0.032878 0.062176
2 0.677436 0.789326 0.013279 0.022375
1 0.258807 0.259646 0.030078 0.047255
1 0.255629 0.044868 0.021367 0.039662
1 0.432198 0.652491 0.057896 0.239370
1 0.424185 0.077100 0.021427 0.039773
1 0.691786 0.577986 0.016089 0.029843
2 0.435414 0.934819 0.013276 0.022370
2 0.663445 0.941035 0.013276 0.022375
2 0.691424 0.643836 0.013276 0.022375
2 0.238161 0.952229 0.013276 0.022375
2 0.638964 0.604042 0.013276 0.022370
2 0.603290 0.809225 0.013279 0.022375
2 0.188497 0.637618 0.013276 0.022375
1 0.370892 0.651727 0.045482 0.056370
2 0.519353 0.922382 0.013279 0.022375
2 0.706115 0.754507 0.013276 0.022375
1 0.988717 0.357891 0.022383 0.047273
2 0.617280 0.829118 0.013279 0.022375
1 0.248315 0.382132 0.065052 0.036060
2 0.565518 0.984558 0.013276 0.022375
2 0.210882 0.259586 0.013279 0.022375
1 0.106530 0.361613 0.048263 0.064662
1 0.623447 0.281407 0.038471 0.048500
1 0.156684 0.100475 0.024482 0.052227
1 0.934156 0.642650 0.062953 0.054718
1 0.836229 0.398299 0.022385 0.031088
1 0.850568 0.086796 0.025880 0.044769
2 0.622876 0.375234 0.013279 0.022375
2 0.367565 0.929845 0.013276 0.022375
1 0.560055 0.267521 0.030292 0.043495
2 0.109456 0.581657 0.013276 0.022370
2 0.164716 0.642590 0.013276 0.022375
2 0.280829 0.867669 0.013279 0.022375
2 0.650156 0.898757 0.013276 0.022375
2 0.128342 0.737100 0.013279 0.022375
2 0.669741 0.640104 0.013279 0.022375
6 0.753299 0.233519 0.245359 0.464435
2 0.214378 0.850259 0.013276 0.022370
2 0.196891 0.199896 0.013276 0.022375
6 0.464650 0.402060 0.136003 0.444120
2 0.155622 0.914924 0.013276 0.022375
2 0.509560 0.883836 0.013276 0.022375
1 0.243768 0.428141 0.013990 0.026116
1 0.641898 0.531431 0.025182 0.085954
2 0.834120 0.538134 0.013276 0.022370
2 0.708911 0.745803 0.013276 0.022375
2 0.677436 0.539377 0.013279 0.022375
1 0.819441 0.650738 0.025180 0.046023
2 0.098264 0.989794 0.013279 0.020412
2 0.150727 0.502072 0.013276 0.022375
2 0.262997 0.854044 0.013276 0.022375
1 0.897434 0.092391 0.035674 0.033579
2 0.582306 0.709741 0.013279 0.022370
6 0.161025 0.704498 0.105643 0.258625
2 0.608187 0.936063 0.013276 0.022375
2 0.713809 0.766942 0.013279 0.022375
2 0.523549 0.681141 0.013276 0.022375
2 0.268937 0.932331 0.013276 0.022375
1 0.068409 0.586069 0.034974 0.028602
2 0.631969 0.691088 0.013276 0.022370
1 0.665206 0.564931 0.028677 0.048500
6 0.442767 0.816704 0.099674 0.342426
1 0.924014 0.706069 0.020284 0.032333
1 0.536918 0.060711 0.032367 0.038588
2 0.742487 0.586632 0.013276 0.022375
1 0.778871 0.216743 0.022383 0.055958
2 0.081477 0.907461 0.013276 0.022375
2 0.597694 0.738340 0.013279 0.022375
1 0.893586 0.582338 0.027979 0.070880
1 0.114215 0.296618 0.052555 0.061986
1 0.680072 0.036088 0.022253 0.033657
1 0.090790 0.570525 0.026581 0.042282
1 0.819092 0.142755 0.028680 0.044769
1 0.547533 0.125856 0.018711 0.031185
1 0.576289 0.085650 0.019531 0.033866
1 0.805452 0.717259 0.023784 0.049741
1 0.190258 0.402650 0.028677 0.034819
2 0.446607 0.969637 0.013276 0.022375
2 0.647358 0.807979 0.013279 0.022375
1 0.291332 0.554984 0.022383 0.055958
2 0.572513 0.965907 0.013276 0.022370
2 0.707513 0.820414 0.013276 0.022375
2 0.142332 0.692331 0.013279 0.022375
1 0.626033 0.161500 0.024456 0.033602
1 0.859313 0.867106 0.037771 0.038546
1 0.510568 0.016831 0.029771 0.033662
1 0.911773 0.678090 0.037771 0.043523
2 0.205285 0.155130 0.013279 0.022370
2 0.527746 0.987049 0.013279 0.022375
1 0.043577 0.466069 0.045466 0.027361
1 0.181514 0.168868 0.016789 0.032329
1 0.227190 0.674981 0.022385 0.044769
1 0.801954 0.442442 0.029378 0.047255
2 0.568316 0.502072 0.013279 0.022375
