6 0.498862 0.334301 0.058654 0.134901
6 0.571025 0.239561 0.103066 0.238628
6 0.348199 0.370287 0.118235 0.271602
6 0.688492 0.093433 0.039576 0.164232
6 0.431574 0.716773 0.165820 0.355766
6 0.296348 0.142896 0.082329 0.255767
1 0.675416 0.776880 0.045812 0.059005
6 0.670367 0.422982 0.044777 0.145987
1 0.118075 0.022281 0.032881 0.044562
1 0.741644 0.294246 0.034678 0.058440
1 0.263250 0.429013 0.041877 0.056145
6 0.145406 0.406404 0.062904 0.150393
1 0.223693 0.467258 0.036920 0.060115
1 0.585007 0.016140 0.022510 0.032279
1 0.323345 0.263679 0.017425 0.030364
