2 0.494299 0.631301 0.015109 0.026870
2 0.376788 0.709644 0.015107 0.026870
2 0.292303 0.349343 0.014164 0.021333
2 0.623564 0.664130 0.015107 0.026870
2 0.426310 0.923778 0.016786 0.034324
2 0.819138 0.861104 0.016786 0.034329
2 0.576559 0.932731 0.016784 0.034324
2 0.210590 0.189602 0.015107 0.026870
2 0.488879 0.690949 0.076383 0.107444
2 0.653781 0.920794 0.016786 0.034329
2 0.422148 0.849873 0.016786 0.034329
2 0.548858 0.634285 0.016784 0.034329
2 0.518641 0.638762 0.016786 0.034329
7 0.693208 0.284079 0.062370 0.077722
2 0.474154 0.926762 0.016786 0.034329
2 0.305439 0.905870 0.016784 0.034324
2 0.663853 0.917808 0.016784 0.034329
2 0.449813 0.210493 0.015109 0.026866
7 0.197436 0.497002 0.062372 0.077718
2 0.687355 0.928255 0.016784 0.034324
2 0.736879 0.653685 0.016784 0.034324
7 0.124551 0.733514 0.111888 0.138898
7 0.253132 0.910097 0.114581 0.130343
2 0.777171 0.474616 0.015107 0.026870
2 0.768776 0.682037 0.016786 0.034324
2 0.533750 0.538782 0.015109 0.026870
2 0.713376 0.668606 0.016784 0.034324
7 0.688854 0.210028 0.062370 0.077722
2 0.616009 0.783507 0.016784 0.034329
2 0.632797 0.744711 0.016786 0.034329
2 0.505211 0.987627 0.016786 0.024745
2 0.837604 0.886472 0.016786 0.034324
2 0.156868 0.664130 0.016784 0.034324
2 0.345729 0.604440 0.016786 0.034324
2 0.521160 0.504463 0.015107 0.026870
2 0.339854 0.807384 0.016786 0.034324
2 0.238289 0.679051 0.016786 0.034324
2 0.886289 0.864088 0.016786 0.034324
2 0.463242 0.917810 0.015109 0.026870
2 0.537947 0.907363 0.016784 0.034329
3 0.764052 0.665475 0.119604 0.115532
2 0.396092 0.632794 0.016784 0.034329
6 0.861145 0.461144 0.060435 0.232787
2 0.548858 0.422389 0.015107 0.026870
2 0.318868 0.834243 0.016784 0.034329
2 0.814941 0.623840 0.016784 0.034329
2 0.265148 0.634285 0.016786 0.034329
2 0.430507 0.189602 0.015107 0.026870
