1 0.317315 0.091069 0.024144 0.041024
1 0.476003 0.267665 0.034639 0.058090
1 0.620220 0.132338 0.034534 0.063135
1 0.705660 0.378114 0.022997 0.040528
6 0.292637 0.287158 0.059658 0.158866
1 0.075732 0.318389 0.043208 0.069105
1 0.441020 0.278597 0.029485 0.049645
6 0.879205 0.593568 0.116105 0.202588
1 0.354312 0.097600 0.027436 0.052282
6 0.372917 0.651852 0.081250 0.335185
1 0.570833 0.591435 0.044271 0.085648
1 0.135655 0.712804 0.031060 0.053964
1 0.397797 0.289337 0.037112 0.070139
1 0.879708 0.172662 0.038349 0.063625
1 0.554342 0.211012 0.039407 0.064162
1 0.450971 0.161674 0.035739 0.058141
6 0.657965 0.856878 0.099811 0.270798
1 0.757807 0.040008 0.020951 0.037875
1 0.542585 0.336118 0.018264 0.036223
