2 0.895887 0.792745 0.012013 0.021620
2 0.546632 0.626944 0.012013 0.021620
2 0.532546 0.833333 0.012013 0.021620
2 0.118686 0.658032 0.012013 0.021620
2 0.050680 0.716755 0.012016 0.021620
2 0.379048 0.701211 0.012013 0.021616
2 0.469884 0.607944 0.012013 0.021620
2 0.298413 0.572539 0.012013 0.021616
2 0.611723 0.680484 0.012013 0.021616
1 0.513363 0.978449 0.030602 0.038000
2 0.563147 0.938688 0.012013 0.021616
2 0.815738 0.685667 0.012013 0.021620
2 0.354275 0.580310 0.012013 0.021620
2 0.969236 0.811745 0.012013 0.021620
2 0.106056 0.695164 0.012013 0.021616
2 0.490285 0.722799 0.012013 0.021616
3 0.119294 0.259806 0.151771 0.126981
2 0.085655 0.677030 0.012013 0.021616
1 0.292104 0.446498 0.016516 0.037995
2 0.701587 0.773750 0.012013 0.021620
2 0.065738 0.698620 0.012013 0.021620
2 0.174061 0.991574 0.012013 0.016852
2 0.467941 0.665803 0.012013 0.021616
1 0.500734 0.756083 0.015057 0.026769
2 0.521858 0.707255 0.012013 0.021620
2 0.480570 0.575130 0.012016 0.021620
1 0.367152 0.644685 0.008258 0.026769
1 0.421212 0.793532 0.018138 0.030667
2 0.099255 0.670120 0.012016 0.021620
2 0.529632 0.815199 0.012013 0.021620
2 0.590836 0.727116 0.012016 0.021620
2 0.901230 0.894646 0.012013 0.021616
2 0.238665 0.627806 0.012013 0.021620
2 0.447539 0.378238 0.012016 0.021616
7 0.765225 0.430090 0.065091 0.070810
2 0.437824 0.357514 0.012013 0.021620
2 0.232352 0.796199 0.012016 0.021620
2 0.398478 0.582037 0.012013 0.021620
2 0.605408 0.645942 0.012013 0.021616
2 0.334845 0.797065 0.012013 0.021620
2 0.346017 0.556132 0.012013 0.021616
2 0.655926 0.952505 0.012013 0.021620
2 0.198835 0.576856 0.012013 0.021620
2 0.825939 0.983593 0.012013 0.021620
3 0.916534 0.429190 0.130880 0.111435
7 0.339702 0.671850 0.065091 0.070810
2 0.363990 0.835926 0.012016 0.021620
2 0.270240 0.666667 0.012016 0.021620
2 0.087598 0.763384 0.012013 0.021620
2 0.084684 0.832470 0.012013 0.021616
2 0.130344 0.664940 0.012016 0.021620
2 0.587436 0.752160 0.012013 0.021616
6 0.685805 0.174910 0.047120 0.128671
1 0.653260 0.493130 0.013115 0.038000
2 0.210007 0.949914 0.012013 0.021616
2 0.285298 0.564769 0.012013 0.021620
2 0.083225 0.614854 0.012013 0.021616
2 0.505344 0.702937 0.012016 0.021616
2 0.416936 0.587220 0.012013 0.021616
9 0.216326 0.656775 0.016516 0.050949
2 0.133743 0.933507 0.012013 0.021616
2 0.703530 0.618308 0.012013 0.021616
2 0.704501 0.695164 0.012013 0.021616
2 0.492714 0.664076 0.012016 0.021616
2 0.400908 0.642488 0.012013 0.021616
2 0.702559 0.732299 0.012013 0.021616
2 0.432967 0.631262 0.012013 0.021616
2 0.179889 0.601037 0.012013 0.021620
2 0.901717 0.955095 0.012013 0.021616
2 0.780279 0.604479 0.012016 0.021597
9 0.402997 0.083255 0.059594 0.069574
2 0.576263 0.839380 0.012016 0.021620
2 0.697702 0.632125 0.012013 0.021620
2 0.863342 0.651123 0.012013 0.021616
2 0.313957 0.937824 0.012013 0.021620
2 0.417908 0.948188 0.012013 0.021616
2 0.212921 0.816926 0.012013 0.021620
2 0.655926 0.648532 0.012013 0.021620
2 0.525259 0.540588 0.012013 0.021620
7 0.387792 0.542315 0.065089 0.070815
2 0.600551 0.696891 0.012013 0.021616
2 0.503400 0.882556 0.012013 0.021620
2 0.717617 0.633852 0.012016 0.021620
2 0.319786 0.948188 0.012016 0.021616
1 0.685562 0.816532 0.012630 0.042315
2 0.550033 0.506046 0.012013 0.021620
2 0.233323 0.509500 0.012016 0.021620
2 0.402363 0.848014 0.012013 0.021620
7 0.373220 0.304836 0.065091 0.070810
2 0.643783 0.898102 0.012013 0.021620
2 0.836626 0.930051 0.012013 0.021620
2 0.695272 0.717616 0.012013 0.021620
2 0.315900 0.787565 0.012013 0.021620
3 0.524773 0.764250 0.130880 0.111435
2 0.364961 0.704664 0.012016 0.021616
2 0.195434 0.535407 0.012013 0.021620
2 0.615124 0.834199 0.012013 0.021620
2 0.405279 0.677894 0.012016 0.021620
2 0.942520 0.839380 0.012013 0.021620
7 0.500486 0.207255 0.065091 0.070815
2 0.682642 0.753887 0.012013 0.021616
2 0.617066 0.687394 0.012013 0.021620
2 0.880344 0.563903 0.012016 0.021620
2 0.337759 0.944734 0.012013 0.021616
2 0.157561 0.825345 0.016378 0.025069
2 0.296470 0.979275 0.012013 0.021616
1 0.538865 0.755220 0.022344 0.021588
2 0.316872 0.986183 0.012016 0.021616
3 0.730488 0.475403 0.164393 0.101944
2 0.342132 0.835926 0.012013 0.021620
2 0.477655 0.937824 0.012013 0.021620
2 0.181348 0.554405 0.012013 0.021616
2 0.495142 0.677030 0.012013 0.021616
2 0.189605 0.819516 0.012013 0.021616
2 0.649293 0.686014 0.012690 0.022509
2 0.432967 0.674440 0.012013 0.021620
2 0.403336 0.886009 0.012016 0.021620
2 0.292098 0.619171 0.012013 0.021620
2 0.308613 0.588947 0.012013 0.021616
2 0.232837 0.968049 0.012013 0.021616
2 0.643783 0.671850 0.012013 0.021616
2 0.533517 0.935234 0.012013 0.021616
2 0.627753 0.637306 0.012016 0.021620
2 0.409164 0.586356 0.012016 0.021620
2 0.283603 0.949051 0.012013 0.021620
2 0.741418 0.853194 0.012013 0.021620
2 0.210978 0.532815 0.012013 0.021620
2 0.322702 0.494819 0.012013 0.021620
2 0.693815 0.697755 0.012016 0.021620
2 0.480570 0.728843 0.012016 0.021620
2 0.165316 0.863558 0.012013 0.021616
2 0.420337 0.692574 0.012013 0.021620
2 0.984294 0.899829 0.012016 0.021620
