6 0.707042 0.233905 0.073378 0.147394
6 0.361078 0.074537 0.079236 0.145139
6 0.528149 0.140906 0.110455 0.271840
1 0.430319 0.214326 0.019999 0.036745
1 0.200045 0.035763 0.022422 0.036870
6 0.271362 0.055937 0.092157 0.111874
6 0.874838 0.304223 0.115061 0.228997
1 0.374723 0.300639 0.022805 0.038078
6 0.399489 0.308839 0.061820 0.197992
1 0.017985 0.056034 0.032689 0.049845
6 0.503481 0.315317 0.092737 0.207284
1 0.587138 0.719768 0.040201 0.067629
1 0.442681 0.255832 0.025162 0.049994
1 0.647285 0.016362 0.016759 0.031370
6 0.408534 0.372085 0.027741 0.118388
