6 0.302224 0.726981 0.147698 0.401287
2 0.559564 0.556391 0.015549 0.027634
2 0.489780 0.379699 0.015549 0.027639
2 0.494009 0.537595 0.015549 0.027634
1 0.945156 0.286292 0.040885 0.043861
2 0.712195 0.413796 0.027526 0.038907
2 0.350918 0.373433 0.015549 0.027634
2 0.576480 0.729322 0.015549 0.027634
2 0.320607 0.478697 0.015552 0.027634
1 0.523220 0.348713 0.029456 0.041157
2 0.481324 0.317046 0.024018 0.037667
6 0.676853 0.116111 0.113065 0.232222
2 0.333296 0.401002 0.015549 0.027634
1 0.326281 0.290683 0.021135 0.044532
2 0.104207 0.765664 0.015549 0.027634
2 0.568022 0.537595 0.015549 0.027634
2 0.190908 0.758146 0.015549 0.027634
2 0.220512 0.431076 0.015549 0.027634
1 0.677626 0.160569 0.025893 0.037981
1 0.381961 0.177322 0.021599 0.036421
2 0.767505 0.332081 0.015552 0.027634
2 0.164827 0.734336 0.015549 0.027634
1 0.370660 0.491002 0.024982 0.050486
1 0.316596 0.058546 0.029849 0.037981
2 0.583530 0.637845 0.015549 0.027634
1 0.501645 0.215266 0.019471 0.039014
2 0.565908 0.402257 0.015549 0.027634
2 0.904958 0.567669 0.015552 0.027634
1 0.640292 0.748072 0.024672 0.052634
1 0.472387 0.203963 0.021716 0.032870
2 0.539827 0.672933 0.015549 0.027634
2 0.892270 0.938597 0.015549 0.027639
1 0.407772 0.068280 0.019315 0.036097
1 0.422835 0.967998 0.035242 0.053884
2 0.319197 0.417294 0.015549 0.027634
1 0.514270 0.239405 0.040221 0.054921
2 0.907073 0.369674 0.015552 0.027634
2 0.932449 0.908521 0.015549 0.027634
2 0.092223 0.404762 0.015549 0.027634
2 0.782309 0.934836 0.015549 0.027634
1 0.386023 0.587280 0.021266 0.040699
2 0.348098 0.493734 0.015549 0.027634
1 0.902919 0.208259 0.044161 0.076704
2 0.920465 0.464912 0.015549 0.027639
2 0.484141 0.535088 0.015552 0.027639
2 0.729441 0.966164 0.015549 0.027634
1 0.715363 0.089551 0.015508 0.028824
2 0.292411 0.456141 0.015552 0.027634
2 0.330475 0.353382 0.015549 0.027634
2 0.219103 0.918546 0.015549 0.027639
1 0.500372 0.034414 0.016917 0.038847
2 0.179986 0.906646 0.015549 0.027634
1 0.909560 0.113986 0.027490 0.052630
1 0.521840 0.235204 0.020680 0.039074
6 0.513159 0.697787 0.081214 0.299509
2 0.550400 0.533836 0.015549 0.027634
6 0.246997 0.211917 0.113891 0.202981
2 0.814733 0.897243 0.015549 0.027634
2 0.269150 0.721803 0.015549 0.027634
1 0.165902 0.520627 0.021852 0.031329
2 0.204301 0.384711 0.015549 0.027634
2 0.623004 0.403509 0.015549 0.027639
1 0.665013 0.287153 0.046557 0.056880
1 0.365034 0.255590 0.015505 0.027569
2 0.809094 0.308271 0.015552 0.027634
2 0.911302 0.989331 0.015552 0.021338
2 0.431979 0.156641 0.015552 0.027634
1 0.675311 0.553414 0.081773 0.116042
2 0.789357 0.969924 0.015552 0.027634
