1 0.61515234374999994138 0.20961574074074074137 0.02844010416666667776 0.04197222222222223714
1 0.38093749999999998446 0.29689814814814813326 0.02682812499999999434 0.05246296296296298900
1 0.21986979166666664742 0.05020601851851851788 0.02759895833333333645 0.06542129629629629683
1 0.54325130208333338722 0.15953703703703706052 0.01234114583333341918 0.03720370370370368329
1 0.47147786458333329485 0.07146527777777778034 0.01932031249999995384 0.04252314814814814325
1 0.77612499999999995381 0.39753703703703707761 0.03058333333333334778 0.04769444444444449066
2 0.64213151041666660657 0.83033333333333336768 0.02208072916666665650 0.03598148148148149622
2 0.61810416666666667673 0.50818981481481484419 0.02897395833333338971 0.04387962962962961566
2 0.86430208333333335968 0.53431018518518524907 0.03219791666666663166 0.04579629629629622389
8 0.31896354166666668339 0.64603009259259269736 0.05204687499999997163 0.05628240740740737824
