2 0.37054557291666667673 0.93244212962962957914 0.01650781249999996522 0.02780092592592590603
2 0.53605598958333333659 0.65136574074074071738 0.01650781250000002767 0.02780555555555553129
2 0.42224088541666665586 0.79655324074074063123 0.01650781249999996522 0.02780092592592590603
2 0.68809765624999996714 0.73631712962962969637 0.01650781249999996522 0.02780092592592590603
2 0.46394401041666666341 0.90930555555555547809 0.01650781250000002767 0.02780555555555563538
2 0.79582942708333326287 0.78574305555555556957 0.01650781249999996522 0.02780092592592590603
2 0.64291796875000006839 0.79346527777777775547 0.01650781249999996522 0.02780092592592601011
2 0.68722786458333329218 0.91239583333333340587 0.01650781249999996522 0.02780092592592590603
2 0.52562890625000002753 0.94637500000000007727 0.01650781250000002767 0.02780555555555542374
2 0.43527343750000002665 0.88768287037037041376 0.01650520833333336129 0.02780092592592601011
2 0.63770703125000005596 0.70387962962962968838 0.01650781249999996522 0.02780555555555563538
2 0.32406640624999999423 0.89849305555555547542 0.01650781249999996522 0.02780092592592590603
