1 0.518116 0.375156 0.049920 0.063927
8 0.893670 0.407677 0.060093 0.088523
8 0.127083 0.167130 0.059896 0.070370
8 0.934412 0.512851 0.045809 0.070173
1 0.591770 0.674848 0.073082 0.093820
9 0.414474 0.073143 0.021055 0.040463
1 0.337760 0.067593 0.048438 0.054630
1 0.577548 0.200671 0.051716 0.079747
1 0.687760 0.563889 0.056771 0.061111
8 0.320910 0.818222 0.036932 0.062357
1 0.493988 0.970539 0.043515 0.058923
1 0.611032 0.276799 0.032863 0.043302
8 0.769790 0.690746 0.040682 0.061411
8 0.492202 0.568594 0.019943 0.049129
1 0.573170 0.882168 0.052652 0.086572
8 0.308804 0.218557 0.021874 0.037871
1 0.392950 0.869115 0.056316 0.072228
8 0.254944 0.505295 0.023032 0.041397
1 0.443359 0.262500 0.045573 0.077778
1 0.289844 0.075926 0.044271 0.051852
1 0.507404 0.533515 0.029162 0.041396
1 0.386068 0.264815 0.041927 0.037037
1 0.468333 0.402574 0.037742 0.047267
1 0.702469 0.028192 0.051034 0.056385
8 0.336541 0.479374 0.036036 0.060600
