1 0.549883 0.108780 0.024391 0.050329
1 0.423798 0.259873 0.033846 0.048681
1 0.404299 0.281836 0.017641 0.035125
6 0.806602 0.436394 0.083906 0.205000
2 0.382637 0.743109 0.009164 0.016292
2 0.608905 0.365914 0.009164 0.016292
2 0.362900 0.765664 0.009164 0.016292
1 0.549362 0.180403 0.035948 0.082704
2 0.384046 0.525062 0.009164 0.016292
1 0.537751 0.482662 0.022268 0.034546
1 0.474643 0.370877 0.016214 0.035088
2 0.445719 0.692345 0.012677 0.020032
1 0.559172 0.690412 0.019474 0.049352
1 0.620318 0.321794 0.035172 0.044412
2 0.112665 0.973683 0.009164 0.016292
2 0.659652 0.211771 0.042987 0.091458
2 0.431977 0.676072 0.014797 0.027579
1 0.070743 0.479275 0.024669 0.028819
1 0.659324 0.418498 0.023263 0.055134
2 0.381932 0.660400 0.009161 0.016292
9 0.288116 0.807873 0.073299 0.162866
1 0.114094 0.073259 0.056391 0.043861
1 0.564517 0.434787 0.033836 0.100250
1 0.256477 0.582669 0.031005 0.042625
1 0.084137 0.278148 0.026081 0.045111
1 0.058408 0.432282 0.019737 0.040102
1 0.410147 0.879650 0.023966 0.067671
1 0.117266 0.326394 0.027490 0.051380
6 0.689763 0.760037 0.072859 0.282435
1 0.600703 0.169479 0.027182 0.043060
2 0.618775 0.428572 0.009164 0.016292
1 0.157538 0.312197 0.039617 0.053421
2 0.354441 0.645363 0.009164 0.016292
7 0.324855 0.615238 0.074716 0.112782
2 0.347392 0.481201 0.009164 0.016292
1 0.233220 0.545690 0.012690 0.036343
1 0.414376 0.130278 0.026784 0.045111
1 0.790434 0.533160 0.030310 0.058894
1 0.680470 0.484287 0.017622 0.056389
1 0.934230 0.437921 0.019034 0.041352
6 0.309448 0.142961 0.146333 0.277347
1 0.137708 0.625891 0.023260 0.036338
2 0.497533 0.674185 0.009164 0.016287
1 0.866561 0.087044 0.035951 0.043856
1 0.415180 0.489447 0.019776 0.032736
2 0.393210 0.812030 0.009164 0.016292
1 0.209605 0.437924 0.017622 0.046366
2 0.503173 0.715539 0.009164 0.016292
2 0.487319 0.328313 0.069091 0.124042
6 0.112764 0.816519 0.163133 0.341898
2 0.532777 0.760650 0.009164 0.016292
2 0.405897 0.607771 0.009164 0.016292
2 0.393582 0.749951 0.009164 0.016292
1 0.732368 0.376345 0.025305 0.043884
1 0.116914 0.467998 0.022557 0.038847
1 0.583208 0.113734 0.024396 0.041319
1 0.365448 0.219241 0.029354 0.049019
1 0.494585 0.167222 0.019378 0.032315
2 0.353031 0.844613 0.009161 0.016292
1 0.476406 0.092058 0.016917 0.038847
2 0.375587 0.817044 0.009164 0.016292
1 0.266349 0.492433 0.025375 0.050125
2 0.651904 0.419799 0.009161 0.016292
1 0.339651 0.543340 0.016161 0.031134
1 0.675889 0.570755 0.033836 0.043861
1 0.425302 0.184162 0.028901 0.035083
6 0.433017 0.360361 0.046659 0.125556
2 0.140861 0.751880 0.009164 0.016287
2 0.592694 0.403509 0.009164 0.016287
1 0.168018 0.647822 0.020443 0.047616
1 0.861979 0.692935 0.039474 0.070176
2 0.585296 0.870926 0.011284 0.018796
1 0.484513 0.422257 0.023260 0.035088
2 0.358671 0.471178 0.009164 0.016292
1 0.633979 0.226731 0.028568 0.040361
1 0.637826 0.531907 0.018328 0.043861
1 0.041759 0.183245 0.070805 0.115333
2 0.582824 0.385965 0.009164 0.016292
1 0.103521 0.478023 0.012687 0.026315
1 0.282210 0.490553 0.020440 0.053884
