1 0.582523 0.287188 0.018385 0.031134
1 0.157064 0.789762 0.030117 0.044042
1 0.582582 0.133891 0.013602 0.031088
2 0.637954 0.748704 0.010206 0.018120
1 0.815500 0.458588 0.034490 0.048361
1 0.868254 0.612745 0.056169 0.066907
2 0.231379 0.927461 0.010206 0.018116
2 0.483970 0.691711 0.010206 0.018116
7 0.759223 0.496366 0.078612 0.089269
2 0.247410 0.803972 0.010206 0.018120
1 0.305219 0.401160 0.040802 0.057856
2 0.272184 0.780657 0.010206 0.018120
2 0.300355 0.744389 0.010206 0.018120
2 0.548574 0.791882 0.010206 0.018116
2 0.695759 0.764250 0.010206 0.018120
2 0.384639 0.821671 0.009732 0.024157
1 0.871604 0.201678 0.014573 0.028495
1 0.116747 0.443905 0.044688 0.034542
1 0.634559 0.841141 0.012628 0.060449
2 0.344559 0.325560 0.010206 0.018120
1 0.325035 0.704201 0.026477 0.036468
1 0.560964 0.253926 0.015052 0.029370
2 0.329016 0.358377 0.010208 0.018116
1 0.406255 0.840280 0.022344 0.077718
1 0.596198 0.646262 0.020354 0.041782
1 0.693091 0.147706 0.017000 0.024181
2 0.771049 0.761657 0.010208 0.018120
2 0.504371 0.860104 0.010206 0.018116
2 0.268543 0.658023 0.010206 0.018120
1 0.136421 0.111005 0.020888 0.030222
1 0.078859 0.361870 0.040802 0.062176
2 0.351361 0.513817 0.010206 0.018116
2 0.635525 0.734889 0.010206 0.018120
2 0.362046 0.111398 0.010206 0.018120
2 0.809423 0.542315 0.010206 0.018120
1 0.233812 0.970245 0.020401 0.035407
2 0.269754 0.170986 0.010206 0.018120
1 0.636259 0.134755 0.012143 0.025907
1 0.445546 0.069222 0.017935 0.032139
2 0.168233 0.982729 0.010206 0.018116
1 0.485918 0.660660 0.021372 0.032819
1 0.152208 0.409363 0.016516 0.041449
2 0.424223 0.880829 0.010206 0.018120
1 0.433214 0.696498 0.031573 0.025042
2 0.414022 0.966322 0.010206 0.018116
2 0.779793 0.767704 0.010206 0.018120
2 0.660785 0.624352 0.010206 0.018120
2 0.167986 0.575579 0.011164 0.019028
2 0.508259 0.638171 0.010206 0.018120
1 0.780770 0.074306 0.015544 0.025907
1 0.555380 0.678363 0.010687 0.044042
2 0.587921 0.608810 0.010206 0.018120
2 0.576262 0.637306 0.010206 0.018120
1 0.535951 0.677498 0.010688 0.037134
2 0.378561 0.345424 0.010206 0.018116
1 0.230171 0.390366 0.018945 0.025907
7 0.477378 0.292481 0.051245 0.059574
3 0.297982 0.205023 0.291172 0.264861
2 0.165318 0.606220 0.008745 0.021588
1 0.290889 0.709019 0.011174 0.024176
1 0.960255 0.536741 0.029630 0.042315
1 0.355737 0.869208 0.040802 0.063037
1 0.441715 0.793646 0.031086 0.060449
1 0.685320 0.582937 0.011172 0.027634
2 0.518460 0.906736 0.010206 0.018120
7 0.944155 0.228201 0.100367 0.135699
2 0.423738 0.510363 0.010206 0.018116
2 0.595694 0.736616 0.010206 0.018120
2 0.903660 0.414509 0.010206 0.018120
2 0.376618 0.329880 0.010206 0.018120
1 0.545716 0.435741 0.018599 0.032102
2 0.841970 0.882556 0.010206 0.018120
2 0.202234 0.221072 0.010208 0.018116
6 0.391345 0.641403 0.035362 0.153676
1 0.481303 0.791488 0.019914 0.052681
2 0.686043 0.569086 0.010206 0.018116
1 0.458716 0.908933 0.018458 0.031949
2 0.726845 0.734889 0.010206 0.018120
1 0.205639 0.850211 0.013602 0.047495
1 0.186210 0.653319 0.022346 0.044037
2 0.444139 0.573403 0.010206 0.018120
2 0.190577 0.685664 0.008742 0.021588
1 0.620706 0.529789 0.033016 0.049218
2 0.256152 0.510363 0.010206 0.018116
1 0.396514 0.573285 0.024341 0.034190
1 0.764642 0.624667 0.021685 0.035500
2 0.773478 0.382556 0.010206 0.018120
6 0.370738 0.321956 0.075555 0.162134
2 0.229923 0.327289 0.010206 0.018116
1 0.858409 0.347627 0.028823 0.050940
2 0.664671 0.575993 0.010206 0.018116
2 0.808939 0.561312 0.010206 0.018116
2 0.565577 0.848877 0.010206 0.018116
2 0.190096 0.521197 0.008745 0.021588
2 0.424223 0.202074 0.010206 0.018120
1 0.240128 0.624391 0.029146 0.043181
2 0.290642 0.617444 0.010206 0.018120
1 0.490553 0.476917 0.034310 0.037759
1 0.111161 0.307896 0.047120 0.050949
2 0.803595 0.334199 0.010206 0.018120
2 0.334845 0.531954 0.010206 0.018120
1 0.028453 0.233090 0.053453 0.075051
2 0.503887 0.287565 0.010206 0.018120
1 0.677336 0.214655 0.044099 0.051745
2 0.508259 0.942144 0.010206 0.018120
2 0.387306 0.332470 0.010206 0.018116
2 0.636983 0.741796 0.010206 0.018120
1 0.377596 0.827759 0.033031 0.064769
1 0.594484 0.078623 0.011172 0.024181
2 0.594723 0.614854 0.010206 0.018116
1 0.524776 0.593308 0.020396 0.032829
2 0.451910 0.828153 0.010206 0.018120
1 0.384154 0.055738 0.012146 0.037134
1 0.513849 0.745289 0.017000 0.056995
7 0.952786 0.153424 0.094427 0.135699
2 0.311043 0.151123 0.010206 0.018116
2 0.431509 0.203801 0.010206 0.018120
1 0.472712 0.474155 0.060414 0.046986
2 0.471827 0.341106 0.010206 0.018120
1 0.732451 0.164521 0.024073 0.036032
1 0.205154 0.452975 0.020401 0.063042
2 0.359132 0.940417 0.010206 0.018120
6 0.653509 0.280771 0.076466 0.120819
2 0.412079 0.494819 0.010206 0.018120
1 0.738267 0.645979 0.026716 0.036273
2 0.679243 0.868741 0.010206 0.018120
2 0.515543 0.676167 0.010206 0.018120
1 0.413938 0.445301 0.018620 0.029898
2 0.646212 0.741796 0.010206 0.018120
1 0.559267 0.959882 0.011659 0.037134
1 0.055543 0.859711 0.021372 0.057856
7 0.305303 0.586201 0.100367 0.135699
