1 0.51531640624999996980 0.06572685185185185575 0.01555468750000000427 0.03225925925925926530
1 0.18026562500000001266 0.21561805555555554892 0.03015624999999998862 0.04330092592592591633
1 0.46061718749999996936 0.08784722222222221544 0.01503645833333333570 0.05069444444444444475
1 0.82329036458333326731 0.31367129629629630916 0.02385156250000003766 0.04885185185185184076
1 0.41188020833333333082 0.06342129629629629506 0.01918229166666668775 0.03502777777777777574
1 0.23015494791666668561 0.24868981481481480800 0.01762760416666665081 0.03318518518518518562
2 0.35250651041666664076 0.26716666666666666341 0.02203906250000002912 0.03505555555555556896
2 0.51842708333333331616 0.69250462962962955338 0.03110937499999994957 0.03594444444444449410
3 0.64156510416666656660 0.20813425925925926885 0.33752604166666666519 0.26361111111111107386
8 0.62756510416666666519 0.02839583333333333542 0.01607291666666673183 0.04608796296296296252
