6 0.735283 0.585821 0.093302 0.253475
1 0.546522 0.482929 0.039559 0.073140
1 0.262705 0.046414 0.029326 0.059598
1 0.563014 0.268883 0.022085 0.048962
7 0.091816 0.254665 0.154572 0.149022
1 0.149925 0.437480 0.025445 0.051284
1 0.620855 0.100762 0.026387 0.048811
1 0.327570 0.019224 0.021231 0.037190
1 0.387601 0.020760 0.034189 0.041521
1 0.302613 0.062453 0.020245 0.038936
1 0.870130 0.263111 0.031318 0.047058
1 0.653850 0.045180 0.026745 0.041507
1 0.774557 0.254244 0.033338 0.061942
1 0.188617 0.547843 0.026726 0.050832
1 0.445231 0.555992 0.026187 0.047072
6 0.310855 0.322901 0.092315 0.174310
1 0.622760 0.266697 0.021248 0.043295
1 0.767388 0.148478 0.018282 0.039119
1 0.393168 0.113488 0.023824 0.048470
1 0.405183 0.376416 0.021491 0.040665
1 0.783545 0.160573 0.022618 0.048449
1 0.272721 0.100119 0.021638 0.040046
