1 0.78380598958333336235 0.14424537037037035714 0.03127864583333325038 0.06378703703703703098
1 0.50735807291666668029 0.87367361111111108141 0.03403906249999995304 0.08341203703703707617
1 0.48205859374999998623 0.60299999999999998046 0.03127864583333336834 0.06214814814814815375
1 0.73182812500000005151 0.06819444444444444642 0.02667708333333334778 0.05233333333333332893
1 0.73826822916666656749 0.71503240740740736658 0.04323958333333332432 0.07687037037037035281
1 0.36614322916666669494 0.20639351851851855946 0.02759895833333333645 0.06378703703703704486
1 0.63385156249999996536 0.33478009259259261521 0.03311979166666662727 0.05560648148148143732
2 0.37626302083333329485 0.78290277777777783630 0.02023958333333334206 0.03598148148148149622
2 0.76034765624999989253 0.92846296296296293438 0.04323697916666671692 0.06214814814814815375
3 0.29438541666666667718 0.57498379629629625676 0.30542708333333329351 0.34956944444444448816
8 0.64121223958333339876 0.40183564814814809463 0.02575781249999996303 0.04252314814814815713
