2 0.43440494791666667274 0.76102777777777785850 0.01737760416666667140 0.03088888888888890322
2 0.47958203124999998490 0.89849305555555547542 0.01737760416666667140 0.03089351851851842093
2 0.54908723958333327531 0.86142361111111109828 0.01737760416666667140 0.03089351851851852848
2 0.73414322916666663321 0.86914814814814822519 0.01737499999999994951 0.03088888888888890322
2 0.87141536458333324067 0.57104861111111104854 0.01737760416666667140 0.03089351851851852848
2 0.84274479166666671492 0.83053240740740730264 0.01737499999999994951 0.03088888888888890322
2 0.48740234375000002220 0.64518750000000002487 0.01737760416666667140 0.03089351851851852848
2 0.58470833333333327442 0.61893055555555553937 0.01737499999999994951 0.03088888888888890322
2 0.58905208333333336501 0.65754398148148152092 0.01737500000000006747 0.03089351851851852848
2 0.83579427083333324155 0.87378009259259259434 0.01737499999999994951 0.03089351851851852848
2 0.55603645833333337212 0.81814351851851851993 0.01737499999999994951 0.03088888888888890322
