8 0.744024 0.134749 0.035649 0.072629
8 0.574934 0.886745 0.064171 0.077788
6 0.496819 0.132063 0.109391 0.263466
8 0.664389 0.120975 0.052012 0.061094
1 0.776111 0.263429 0.065518 0.079785
1 0.475364 0.498436 0.037984 0.054273
1 0.568378 0.418783 0.053564 0.068371
8 0.132197 0.281249 0.038032 0.052819
1 0.475700 0.390583 0.034523 0.049306
1 0.210444 0.184770 0.027481 0.047899
1 0.136401 0.346901 0.042160 0.077880
1 0.405255 0.102974 0.034336 0.065316
1 0.731660 0.410853 0.031200 0.054442
1 0.535866 0.568596 0.032020 0.043143
1 0.695990 0.309641 0.042273 0.060758
1 0.479156 0.436172 0.030629 0.040103
1 0.400850 0.525066 0.048299 0.089379
1 0.783191 0.426129 0.038910 0.068662
1 0.252886 0.419952 0.058499 0.107483
1 0.650004 0.303446 0.042841 0.061655
1 0.326734 0.515068 0.061622 0.100640
8 0.820493 0.466191 0.034927 0.053205
1 0.368937 0.176700 0.046936 0.060779
1 0.869195 0.650913 0.046367 0.099974
1 0.760963 0.066478 0.024417 0.042960
1 0.009731 0.648251 0.019099 0.075540
