2 0.443652 0.791882 0.013602 0.024181
2 0.468913 0.737479 0.013602 0.024181
2 0.471827 0.468049 0.013602 0.024181
8 0.659813 0.140759 0.023073 0.038093
2 0.377591 0.170984 0.013599 0.024181
2 0.380505 0.949051 0.013599 0.024176
9 0.348003 0.306718 0.022396 0.035889
2 0.464540 0.965458 0.013602 0.024176
2 0.498057 0.298792 0.013599 0.024176
1 0.437230 0.674625 0.056039 0.080907
2 0.450454 0.775475 0.013602 0.024181
2 0.470855 0.325563 0.013602 0.024181
8 0.975142 0.513387 0.042154 0.068356
2 0.408193 0.161484 0.013599 0.024181
2 0.206121 0.181347 0.013602 0.024176
2 0.445595 0.124354 0.013602 0.024181
8 0.240018 0.483287 0.023073 0.038093
2 0.472798 0.309155 0.013602 0.024181
2 0.428595 0.785838 0.013602 0.024176
2 0.482513 0.302248 0.013599 0.024181
2 0.440738 0.765113 0.013602 0.024181
2 0.464053 0.324697 0.013602 0.024181
8 0.169247 0.862183 0.029823 0.046477
2 0.662241 0.544905 0.013602 0.024181
2 0.312500 0.148532 0.013599 0.024176
2 0.275582 0.980139 0.013602 0.024176
2 0.451426 0.431780 0.013602 0.024181
2 0.374191 0.226252 0.013602 0.024181
8 0.812104 0.718743 0.066740 0.098282
1 0.271216 0.853229 0.027203 0.127801
1 0.234785 0.914544 0.026232 0.060449
8 0.494435 0.731016 0.044661 0.071116
2 0.215350 0.358377 0.013602 0.024181
2 0.451910 0.132988 0.013602 0.024181
2 0.465512 0.407600 0.013602 0.024181
2 0.519431 0.367877 0.013602 0.024181
8 0.862250 0.522697 0.031854 0.066894
2 0.534974 0.129535 0.013599 0.024181
2 0.281413 0.208981 0.013602 0.024176
8 0.418145 0.922282 0.065560 0.081481
8 0.696729 0.316065 0.023073 0.038093
2 0.610751 0.823836 0.013602 0.024181
1 0.647195 0.235595 0.052016 0.066690
2 0.650582 0.577720 0.013602 0.024181
2 0.769107 0.640762 0.013599 0.024181
8 0.850906 0.853208 0.047734 0.077194
2 0.531574 0.109674 0.013602 0.024181
2 0.553918 0.466322 0.013602 0.024181
2 0.266840 0.663213 0.013602 0.024176
2 0.719560 0.702072 0.013599 0.024181
8 0.988238 0.598907 0.020930 0.036880
8 0.724952 0.523211 0.022174 0.033662
2 0.820111 0.623488 0.013602 0.024181
1 0.493163 0.169778 0.050497 0.076926
8 0.137635 0.612734 0.010687 0.021588
2 0.448517 0.810919 0.013602 0.024181
8 0.055538 0.428326 0.065560 0.081486
