1 0.37011067708333328374 0.46366898148148144587 0.06776822916666666585 0.10348611111111109817
1 0.41224869791666662877 0.64824305555555550296 0.04778385416666666718 0.06178240740740743170
1 0.65594921875000011813 0.64669907407407400957 0.04517968750000005834 0.11738888888888897311
8 0.21285677083333334747 0.66291666666666670960 0.03127604166666664298 0.08186111111111107896
8 0.74804296874999998135 0.09143287037037037268 0.03649218750000002981 0.05096759259259259212
8 0.63466406249999995914 0.83513657407407404509 0.02867187499999997516 0.05251388888888881140
8 0.12901562499999999489 0.64438194444444441000 0.05473437500000000178 0.07568055555555545932
8 0.77063151041666666519 0.47216666666666667895 0.04865364583333331439 0.08340740740740744397
8 0.64161458333333343251 0.12850231481481480533 0.02345833333333331369 0.04479166666666666713
8 0.23587890625000001998 0.24434490740740744119 0.06168489583333333637 0.06950462962962962454
8 0.96524479166666665719 0.55016435185185186274 0.05560416666666666285 0.11275462962962971847
8 0.51607161458333339343 0.82741203703703702921 0.07124218749999998435 0.08340740740740734682
