2 0.388277 0.952505 0.014086 0.026769
2 0.395811 0.522921 0.014086 0.026769
1 0.344324 0.889931 0.077237 0.054398
6 0.797453 0.620970 0.227490 0.363708
1 0.878163 0.661523 0.050034 0.136444
8 0.519189 0.843692 0.027195 0.064745
8 0.322211 0.628241 0.091307 0.145926
1 0.522107 0.319123 0.067521 0.085495
6 0.081723 0.267282 0.154435 0.256102
1 0.476203 0.155912 0.021375 0.045769
2 0.432967 0.588947 0.014086 0.026773
1 0.218026 0.769468 0.077234 0.091537
2 0.369332 0.572539 0.014086 0.026773
2 0.478142 0.866148 0.014086 0.026769
2 0.318335 0.412340 0.021872 0.036245
2 0.628724 0.296199 0.014089 0.026769
8 0.367388 0.860975 0.052255 0.095181
2 0.621923 0.778065 0.014086 0.026769
2 0.855081 0.897662 0.020880 0.041435
8 0.757695 0.590280 0.029630 0.057856
2 0.454340 0.625215 0.014086 0.026773
2 0.626781 0.855787 0.014089 0.026769
2 0.473770 0.843697 0.014086 0.026773
2 0.625324 0.823833 0.014086 0.026769
8 0.088569 0.868741 0.043513 0.077898
2 0.634066 0.553542 0.014086 0.026769
8 0.540072 0.774183 0.064596 0.068208
2 0.397021 0.977549 0.014089 0.026773
1 0.574083 0.307032 0.027687 0.083769
1 0.364480 0.315236 0.025258 0.070815
1 0.284818 0.416273 0.036917 0.058722
2 0.174547 0.537998 0.014089 0.026773
2 0.235751 0.603627 0.014086 0.026773
1 0.573276 0.961324 0.075005 0.077352
1 0.122820 0.710745 0.044203 0.048361
2 0.470855 0.558722 0.014086 0.026769
2 0.636983 0.786701 0.014086 0.026773
9 0.668805 0.047947 0.108323 0.095894
2 0.617552 0.932644 0.014089 0.026769
1 0.724180 0.500039 0.048089 0.086356
8 0.427871 0.032803 0.044211 0.058681
2 0.357676 0.522454 0.014086 0.026769
2 0.136658 0.452505 0.014086 0.026769
8 0.430538 0.753887 0.043513 0.077903
1 0.291618 0.239243 0.042747 0.041449
2 0.810395 0.140759 0.014086 0.026769
2 0.580635 0.392919 0.014089 0.026773
8 0.321243 0.477549 0.029633 0.057856
2 0.488342 0.474093 0.014086 0.026769
8 0.276069 0.144213 0.043513 0.077898
