6 0.483646 0.555347 0.126631 0.251825
1 0.602926 0.088039 0.024098 0.047283
1 0.757497 0.294351 0.025095 0.049842
1 0.748205 0.174650 0.027128 0.041888
1 0.411197 0.063698 0.018537 0.034234
6 0.459799 0.055714 0.071976 0.111427
1 0.513613 0.258195 0.019160 0.029008
1 0.271573 0.130362 0.019505 0.037370
6 0.708331 0.146902 0.093750 0.288640
1 0.657632 0.270730 0.027444 0.042102
1 0.649622 0.671457 0.019420 0.035501
1 0.328964 0.883555 0.033679 0.065896
6 0.205468 0.913468 0.052284 0.173064
1 0.304884 0.177057 0.027056 0.032171
1 0.572130 0.593629 0.018008 0.036587
1 0.848806 0.113215 0.051487 0.074234
1 0.511374 0.117492 0.016090 0.027806
