2 0.389734 0.901556 0.010729 0.020630
2 0.397992 0.862694 0.010729 0.020630
2 0.430052 0.384282 0.010729 0.020630
2 0.539345 0.357514 0.010732 0.020630
2 0.435396 0.612264 0.010729 0.020630
7 0.440743 0.063940 0.054404 0.062176
2 0.255181 0.484458 0.010732 0.020630
1 0.381482 0.756514 0.011656 0.036269
2 0.213408 0.506046 0.010732 0.020630
2 0.483970 0.303111 0.010732 0.020630
2 0.439767 0.632991 0.010732 0.020630
2 0.615608 0.525907 0.010732 0.020630
1 0.655931 0.658069 0.012628 0.038000
2 0.611723 0.482731 0.010732 0.020630
1 0.729766 0.579919 0.030115 0.047495
1 0.887697 0.361975 0.083602 0.105532
2 0.397021 0.524181 0.010729 0.020630
1 0.672690 0.677500 0.016031 0.052676
2 0.274611 0.412782 0.010732 0.020630
2 0.066596 0.968590 0.022885 0.037884
2 0.604923 0.483593 0.010732 0.020630
7 0.109076 0.235042 0.064266 0.065935
2 0.497086 0.608810 0.010729 0.020630
1 0.665622 0.361803 0.034396 0.054301
1 0.666375 0.530694 0.014089 0.035407
1 0.706366 0.418308 0.027310 0.046884
2 0.772021 0.990956 0.010729 0.018088
1 0.387311 0.672750 0.026232 0.072537
2 0.633819 0.831595 0.010732 0.032727
1 0.723451 0.183113 0.016516 0.031088
2 0.364961 0.408463 0.010729 0.020630
2 0.566063 0.992252 0.010729 0.015495
1 0.245957 0.786308 0.020404 0.026773
2 0.642811 0.879963 0.010732 0.020630
2 0.550518 0.463731 0.010729 0.020630
1 0.750895 0.509968 0.026716 0.064769
2 0.259553 0.432644 0.010732 0.020630
1 0.570704 0.268370 0.019253 0.033954
2 0.489314 0.287565 0.010732 0.020630
2 0.598608 0.484458 0.010732 0.020630
1 0.682891 0.563509 0.015057 0.037130
2 0.279954 0.417963 0.010732 0.020630
2 0.472798 0.507773 0.010732 0.020630
1 0.798013 0.617914 0.023802 0.054403
2 0.360104 0.459412 0.010729 0.020630
6 0.587176 0.809933 0.134497 0.306384
7 0.811366 0.341968 0.054404 0.062176
7 0.298413 0.488773 0.054404 0.062176
2 0.413051 0.468051 0.010732 0.020630
2 0.068648 0.714157 0.010724 0.032704
2 0.335331 0.522454 0.010729 0.020630
2 0.590350 0.424009 0.010732 0.020630
7 0.309833 0.448616 0.042271 0.045759
6 0.961871 0.659970 0.076258 0.250449
7 0.235751 0.232296 0.054404 0.062176
3 0.271702 0.607984 0.122409 0.110532
1 0.508992 0.608847 0.017000 0.039722
