1 0.57804687499999996003 0.76228935185185187073 0.08515625000000000278 0.09273611111111108862
1 0.68318619791666668206 0.64166898148148154846 0.05745572916666669833 0.08331018518518520932
1 0.27141276041666662078 0.60327546296296297168 0.07416406249999996092 0.10793981481481486340
1 0.51347135416666667140 0.42162037037037036757 0.03670833333333334281 0.07341666666666668561
1 0.40120052083333335169 0.24359259259259258279 0.02893229166666670335 0.03622222222222219734
1 0.47475260416666670293 0.23562268518518519889 0.03911979166666667423 0.04781018518518520555
8 0.56786458333333333925 0.47142824074074074492 0.03626562500000005823 0.05578240740740741249
8 0.90669661458333339343 0.45802546296296298145 0.06764322916666666574 0.08982870370370363289
8 0.29138020833333333481 0.26025231481481481133 0.01711458333333333928 0.02897685185185186821
9 0.40160677083333334858 0.10087962962962962465 0.01996875000000001774 0.03912037037037035397
8 0.94561197916666661634 0.58299074074074075380 0.04360416666666667995 0.06737037037037035825
8 0.29361979166666668517 0.91296990740740735504 0.03219270833333330584 0.05360648148148156739
8 0.13245703124999999578 0.32328009259259260499 0.03015364583333332224 0.03043055555555556485
8 0.94594791666666655505 0.30333564814814811816 0.02294270833333330803 0.07613425925925922100
8 0.76529557291666661101 0.77605092592592594958 0.04645572916666663305 0.07244444444444445019
8 0.47597395833333333570 0.64166898148148154846 0.01548437500000001028 0.05722685185185180656
