2 0.33839843750000003775 0.77026157407407402911 0.02345833333333331369 0.03706944444444441183
2 0.92180729166666663943 0.48146527777777775592 0.02345833333333343165 0.03706944444444446735
2 0.95221484374999998401 0.40269212962962963598 0.02345572916666670976 0.03706944444444446735
2 0.43353645833333331883 0.26059490740740742787 0.02345833333333331369 0.03706944444444441183
2 0.78453385416666665542 0.62819675925925921867 0.02345833333333331369 0.03706944444444452286
2 0.15117187500000001110 0.81663194444444453524 0.02345833333333331369 0.03706944444444441183
2 0.33622916666666663454 0.92784027777777777768 0.02345833333333337267 0.03706944444444452286
2 0.64986979166666669627 0.52471064814814816213 0.02345833333333331369 0.03706944444444452286
2 0.47089453125000002576 0.55714583333333334014 0.02345572916666665078 0.03706944444444441183
2 0.62554166666666666252 0.73013657407407406286 0.02345833333333331369 0.03706944444444452286
2 0.55951302083333331883 0.65290972222222209975 0.02345833333333343165 0.03706944444444441183
2 0.40052083333333332593 0.95872916666666663232 0.02345833333333331369 0.03706944444444441183
2 0.51607291666666665897 0.66990046296296301698 0.02345833333333331369 0.03706944444444441183
2 0.56385677083333329840 0.55560416666666667673 0.02345833333333331369 0.03706944444444452286
2 0.94873958333333330284 0.85370138888888880135 0.02345833333333331369 0.03706944444444441183
6 0.55169270833333328152 0.45131481481481477980 0.07819270833333338833 0.10039814814814815302
