1 0.985556 0.222235 0.027070 0.051511
6 0.907291 0.463572 0.107788 0.189524
1 0.365794 0.029159 0.022093 0.034928
1 0.891601 0.121581 0.025077 0.046101
3 0.053125 0.297222 0.104167 0.167593
1 0.581708 0.410244 0.025964 0.039103
1 0.668180 0.291928 0.020158 0.032370
1 0.620362 0.145667 0.023836 0.038348
1 0.702100 0.272844 0.016288 0.029088
1 0.391402 0.121730 0.023152 0.039887
1 0.151532 0.090269 0.022010 0.037163
1 0.309272 0.109287 0.022461 0.036968
1 0.724977 0.268604 0.017413 0.034758
1 0.521837 0.248903 0.020103 0.033164
2 0.631702 0.882541 0.026254 0.042190
6 0.835025 0.667918 0.063413 0.199796
1 0.651038 0.385206 0.015339 0.031545
1 0.564474 0.269921 0.016526 0.024940
7 0.526823 0.048611 0.052604 0.061111
1 0.234374 0.739666 0.030079 0.057824
1 0.376892 0.204391 0.015404 0.025234
1 0.588934 0.233819 0.017177 0.029668
1 0.901668 0.059878 0.029330 0.041801
6 0.670141 0.417370 0.027887 0.077118
1 0.783212 0.553622 0.018264 0.038424
1 0.631215 0.419821 0.020310 0.033318
1 0.806308 0.125522 0.024306 0.035641
1 0.633964 0.423858 0.025280 0.039505
1 0.229971 0.371814 0.014186 0.024749
1 0.041905 0.059976 0.038990 0.052823
1 0.682466 0.159163 0.023233 0.038304
1 0.524677 0.481629 0.034831 0.038784
1 0.657965 0.178070 0.017083 0.031407
1 0.646516 0.983378 0.022016 0.033245
1 0.425126 0.233313 0.013227 0.022795
1 0.377539 0.266108 0.015393 0.025543
1 0.358279 0.237976 0.012122 0.024003
1 0.636788 0.280918 0.017454 0.030453
