2 0.37063281250000001954 0.81156481481481479445 0.01101041666666665968 0.02283333333333341028
2 0.64173437500000007905 0.69087037037037046794 0.01192708333333326182 0.01957407407407405972
2 0.27613802083333333082 0.95019675925925939364 0.01284374999999998365 0.01956944444444443446
2 0.20870703124999998024 0.89800462962962968039 0.01559635416666666288 0.02609259259259254574
2 0.65641145833333325310 0.89556018518518509808 0.01192708333333338151 0.02120370370370368296
2 0.41008203125000003419 0.69657870370370378321 0.01467968750000003125 0.02120370370370368296
2 0.50595312500000000355 0.91268518518518526594 0.01376041666666664477 0.03262037037037038983
2 0.83760546874999997069 0.78302083333333338810 0.01467968750000009023 0.02446759259259255123
2 0.13806380208333332571 0.76344675925925931104 0.01559635416666666288 0.02772685185185189832
3 0.42934765624999998712 0.44051157407407409705 0.17247656249999998579 0.14842129629629624565
