6 0.596953 0.378828 0.087833 0.221386
6 0.493992 0.843413 0.129076 0.273704
6 0.688353 0.260454 0.040594 0.139577
6 0.363186 0.310445 0.066724 0.214808
1 0.229505 0.213215 0.028633 0.049707
6 0.680111 0.524146 0.050427 0.163098
6 0.530904 0.467589 0.048932 0.105166
6 0.252818 0.522131 0.043689 0.137597
6 0.406642 0.518386 0.093661 0.198699
1 0.678939 0.843352 0.036474 0.050535
6 0.967394 0.745738 0.065212 0.200924
1 0.496354 0.481893 0.018911 0.035981
6 0.555494 0.625255 0.041070 0.115553
6 0.152018 0.370521 0.051240 0.130321
1 0.926380 0.730555 0.030839 0.057985
1 0.375742 0.397050 0.029313 0.041852
