1 0.718798 0.153232 0.024479 0.040701
1 0.169297 0.082120 0.017917 0.034751
6 0.958344 0.412095 0.083312 0.263282
1 0.043960 0.084292 0.036459 0.058953
1 0.794695 0.216476 0.038450 0.073741
1 0.563569 0.687797 0.036584 0.062455
6 0.290363 0.096249 0.068627 0.158700
1 0.779666 0.034771 0.033196 0.056944
6 0.431830 0.311292 0.048513 0.152439
6 0.454451 0.589122 0.044897 0.190531
1 0.584233 0.040552 0.020226 0.028914
1 0.580159 0.128131 0.022766 0.035728
1 0.552403 0.140077 0.015842 0.027903
1 0.435477 0.118423 0.016597 0.024685
1 0.721610 0.061481 0.023478 0.041460
1 0.777687 0.400698 0.025091 0.048024
1 0.507401 0.064733 0.017810 0.033317
1 0.569172 0.578872 0.020562 0.043488
1 0.544486 0.488715 0.032898 0.048821
1 0.728649 0.186817 0.022058 0.037226
6 0.206514 0.133297 0.034799 0.116478
1 0.538697 0.083154 0.016670 0.030402
1 0.393570 0.449705 0.015960 0.028499
1 0.598965 0.015455 0.017495 0.028631
1 0.481257 0.136958 0.016335 0.028365
1 0.801835 0.045725 0.019722 0.036570
1 0.303567 0.125595 0.025919 0.035622
1 0.639871 0.012967 0.019878 0.025933
1 0.462673 0.263708 0.020206 0.030299
1 0.627189 0.186452 0.020027 0.037274
6 0.554392 0.439144 0.027143 0.081812
2 0.365005 0.982994 0.015743 0.026308
1 0.387057 0.107875 0.022743 0.032122
1 0.544552 0.321773 0.019020 0.037974
1 0.479281 0.205341 0.013784 0.025229
1 0.830460 0.122719 0.025573 0.048678
1 0.628091 0.048680 0.019409 0.030037
1 0.533196 0.150543 0.014178 0.023564
1 0.563578 0.072288 0.015345 0.025505
1 0.832483 0.038059 0.028781 0.049095
1 0.203749 0.168820 0.015027 0.033546
1 0.699606 0.214514 0.017992 0.032798
1 0.405403 0.114996 0.013009 0.025553
1 0.364320 0.212772 0.015568 0.024091
