2 0.29044921874999996003 0.79407407407407404332 0.01249218750000000676 0.02422222222222219362
2 0.49703645833333331971 0.51786574074074065432 0.01725000000000000144 0.01712037037037037954
2 0.51966796874999998668 0.83966435185185184231 0.01936718750000003195 0.02273611111111116870
2 0.41037630208333336634 0.57742129629629634913 0.01564843750000003905 0.01925925925925921559
2 0.59533072916666673891 0.59917592592592594514 0.01404166666666668492 0.01712037037037037954
2 0.26052213541666663366 0.67398379629629623366 0.01324218749999997620 0.00989351851851857401
2 0.39051562499999997735 0.96243518518518522686 0.01995833333333335916 0.02729629629629631155
2 0.36462890624999999556 0.81096064814814816657 0.01036197916666665650 0.01706018518518514354
2 0.54959374999999988098 0.58633564814814809196 0.01083333333333330942 0.01283796296296297115
2 0.80304296875000014122 0.94814814814814818433 0.01973177083333332860 0.02143518518518526886
8 0.34313541666666663721 0.63117129629629631360 0.01113020833333333570 0.02387962962962959443
