6 0.456231 0.497679 0.043329 0.131923
6 0.147472 0.820264 0.048464 0.167524
3 0.051696 0.123887 0.102593 0.165420
6 0.231513 0.775811 0.085696 0.215855
6 0.844646 0.059304 0.087335 0.116134
6 0.606685 0.570486 0.061298 0.115509
6 0.358030 0.401628 0.022117 0.087671
9 0.825183 0.378186 0.042464 0.127738
6 0.700027 0.270790 0.131815 0.257066
3 0.907876 0.441458 0.184247 0.192890
6 0.026211 0.350548 0.052422 0.170779
2 0.761845 0.969718 0.019249 0.032559
6 0.336397 0.312317 0.034875 0.097983
2 0.871298 0.888388 0.024027 0.036680
6 0.459655 0.879822 0.026517 0.099262
6 0.575916 0.908083 0.083079 0.183833
6 0.482849 0.105522 0.075359 0.159765
1 0.211336 0.272288 0.016920 0.035767
6 0.418837 0.236781 0.032353 0.108824
1 0.243580 0.413587 0.023644 0.037937
