6 0.419505 0.677229 0.100073 0.187133
1 0.426492 0.040707 0.028633 0.058465
1 0.555227 0.035653 0.023632 0.043839
6 0.275368 0.374904 0.075589 0.190316
1 0.335494 0.041383 0.020660 0.046598
6 0.096991 0.150506 0.173729 0.291203
7 0.286024 0.246978 0.101871 0.119537
2 0.866602 0.789421 0.033623 0.052963
6 0.374372 0.907046 0.083841 0.185908
1 0.357736 0.182330 0.017361 0.034299
1 0.593934 0.743204 0.039260 0.073114
1 0.614160 0.130390 0.025572 0.050860
1 0.681786 0.655922 0.022709 0.055682
1 0.651849 0.055630 0.019425 0.036466
1 0.188562 0.059651 0.026207 0.043732
