6 0.644224 0.430831 0.090717 0.177971
1 0.575539 0.091060 0.019506 0.043291
1 0.642025 0.038661 0.034044 0.051592
6 0.401759 0.501179 0.057033 0.155706
6 0.543890 0.194066 0.058261 0.181265
1 0.685677 0.069213 0.038542 0.073611
6 0.746864 0.617064 0.059370 0.171410
1 0.924851 0.473865 0.029956 0.062942
6 0.755584 0.262815 0.048508 0.145119
9 0.641178 0.098907 0.115132 0.158754
1 0.329873 0.219628 0.020510 0.031799
1 0.434948 0.340185 0.014479 0.028033
1 0.365638 0.097178 0.013905 0.027917
1 0.061713 0.044810 0.020660 0.034185
1 0.164224 0.025075 0.015234 0.028720
6 0.354903 0.223098 0.031813 0.086921
1 0.413806 0.103510 0.016283 0.027382
2 0.547607 0.543255 0.021298 0.030868
1 0.519696 0.018838 0.016293 0.028079
6 0.465592 0.334164 0.041653 0.119512
1 0.700446 0.711194 0.025314 0.042709
6 0.245422 0.256093 0.040882 0.109087
1 0.369304 0.964745 0.068410 0.070511
1 0.145936 0.157315 0.022036 0.037069
1 0.356242 0.261979 0.018686 0.028698
6 0.204261 0.221950 0.048154 0.163789
1 0.178107 0.057718 0.016713 0.027798
6 0.860325 0.646424 0.131055 0.273279
1 0.968993 0.462028 0.029807 0.059213
1 0.781893 0.075014 0.017741 0.031648
1 0.486047 0.495319 0.024970 0.039692
1 0.662126 0.228472 0.022236 0.035336
1 0.891649 0.050650 0.025799 0.053121
1 0.282486 0.120288 0.014868 0.027384
2 0.634182 0.860052 0.016979 0.025666
1 0.236828 0.071814 0.015699 0.027780
1 0.430329 0.566916 0.018002 0.033332
2 0.224155 0.712485 0.011177 0.019191
6 0.480306 0.154365 0.037842 0.103061
1 0.435885 0.171036 0.020408 0.029985
6 0.131191 0.388391 0.036942 0.099521
2 0.538960 0.893509 0.013698 0.022471
6 0.707273 0.322914 0.045975 0.173225
1 0.777938 0.186676 0.019048 0.035623
1 0.606883 0.173451 0.017319 0.027472
1 0.436409 0.235250 0.016968 0.028176
1 0.357171 0.309319 0.021149 0.029297
8 0.807651 0.673458 0.021782 0.037763
1 0.206032 0.023943 0.017289 0.027556
1 0.871779 0.542685 0.026605 0.053336
