1 0.267573 0.067396 0.023802 0.022449
2 0.335329 0.116581 0.010794 0.020255
1 0.212926 0.253493 0.015544 0.021588
1 0.815501 0.336826 0.018945 0.027634
2 0.832740 0.477549 0.010792 0.020255
1 0.919208 0.131731 0.020401 0.035407
2 0.522345 0.622625 0.010794 0.020259
2 0.461139 0.920553 0.010794 0.020255
1 0.072059 0.447361 0.030117 0.022454
2 0.712275 0.178757 0.010794 0.020255
2 0.366905 0.113991 0.010794 0.020259
1 0.160707 0.332076 0.020888 0.028495
1 0.462121 0.279921 0.018326 0.028870
2 0.949320 0.679620 0.010792 0.020259
2 0.927461 0.668396 0.010792 0.020255
2 0.403967 0.719898 0.021924 0.036333
7 0.786870 0.104479 0.081417 0.096097
7 0.664669 0.282822 0.037375 0.057755
2 0.967293 0.525907 0.010794 0.020259
2 0.884715 0.678757 0.010794 0.020255
1 0.944224 0.131729 0.036432 0.040588
2 0.631639 0.851470 0.010794 0.020255
2 0.492714 0.917100 0.010792 0.020255
1 0.522322 0.193646 0.014534 0.024069
1 0.857518 0.300988 0.035948 0.035403
2 0.816224 0.778928 0.010792 0.020255
1 0.654717 0.606255 0.022831 0.051815
1 0.504592 0.190104 0.017997 0.034449
2 0.767195 0.576222 0.021250 0.033019
1 0.311604 0.515102 0.023042 0.040556
1 0.360352 0.388639 0.012146 0.039722
2 0.832254 0.555269 0.010794 0.020259
2 0.859456 0.718479 0.010792 0.020255
1 0.875249 0.526808 0.014086 0.031088
2 0.661270 0.808289 0.010794 0.020255
1 0.585255 0.184407 0.014089 0.028500
1 0.099504 0.337257 0.008258 0.030227
1 0.298661 0.658069 0.017974 0.055269
1 0.784596 0.156315 0.027198 0.044954
2 0.559262 0.917963 0.010794 0.020259
1 0.768141 0.427931 0.014573 0.030222
2 0.407221 0.819516 0.010792 0.020255
1 0.159008 0.487516 0.019432 0.021588
2 0.169204 0.777201 0.010794 0.020255
3 0.165322 0.217655 0.068977 0.124356
1 0.382951 0.361081 0.015271 0.030495
2 0.938147 0.667530 0.010794 0.020255
1 0.343594 0.236222 0.018458 0.031954
1 0.526842 0.257933 0.018690 0.033116
1 0.271702 0.728449 0.040805 0.116583
2 0.945434 0.631262 0.010794 0.020255
2 0.657870 0.813472 0.010792 0.020259
1 0.218026 0.785444 0.019917 0.054407
1 0.049957 0.135618 0.024773 0.024181
1 0.188638 0.807465 0.022344 0.050088
1 0.210497 0.860574 0.014573 0.033676
1 0.595730 0.370968 0.016273 0.026037
2 0.154145 0.778928 0.010794 0.020255
2 0.909974 0.674440 0.010792 0.020259
2 0.356217 0.042315 0.010794 0.020259
1 0.227013 0.161523 0.013599 0.020722
2 0.622410 0.564766 0.010794 0.020255
2 0.560723 0.629542 0.010794 0.020259
2 0.540803 0.538861 0.010794 0.020259
2 0.159488 0.689118 0.010794 0.020255
2 0.888602 0.417100 0.010792 0.020255
2 0.097090 0.566266 0.024664 0.036366
1 0.522107 0.467222 0.014089 0.032815
7 0.618772 0.269005 0.060216 0.075046
1 0.316148 0.307896 0.012146 0.030227
2 0.650098 0.813472 0.010794 0.020259
1 0.410384 0.039331 0.008258 0.044042
1 0.724348 0.290877 0.036617 0.051190
3 0.762311 0.057896 0.153497 0.093264
1 0.730251 0.481472 0.020404 0.038861
2 0.864069 0.688694 0.016133 0.026315
7 0.234777 0.081602 0.056799 0.059481
2 0.838569 0.724525 0.010794 0.020255
2 0.155603 0.867012 0.010794 0.020255
2 0.737533 0.598447 0.010794 0.020255
2 0.621923 0.965458 0.010794 0.020259
2 0.900259 0.589810 0.010794 0.020259
7 0.647182 0.325560 0.037375 0.039630
2 0.912889 0.633852 0.010794 0.020259
2 0.893458 0.632988 0.010792 0.020255
1 0.157551 0.539329 0.015544 0.026769
2 0.859941 0.950778 0.010794 0.020259
2 0.466970 0.964595 0.010794 0.020255
1 0.128648 0.335530 0.040318 0.028495
6 0.374535 0.473861 0.092935 0.169417
2 0.737987 0.684664 0.014672 0.023727
2 0.619980 0.849743 0.010794 0.020255
1 0.300768 0.555935 0.072786 0.100843
3 0.118688 0.083370 0.125328 0.107944
7 0.456445 0.487301 0.037375 0.039630
1 0.064772 0.335097 0.015544 0.029361
