2 0.47930989583333338810 0.61398611111111112137 0.02065104166666665436 0.03244444444444440773
2 0.64427473958333325577 0.48421064814814812616 0.02593489583333337054 0.03073611111111105090
2 0.65815494791666673269 0.66862731481481485485 0.02401302083333334281 0.02903240740740731934
2 0.49995963541666665897 0.84962962962962951252 0.00816406249999997689 0.01537037037037039186
2 0.10536067708333332615 0.41943055555555558422 0.03281510416666666430 0.03224074074074073648
2 0.59502473958333335080 0.55721064814814813548 0.01964322916666674107 0.03500462962962969105
2 0.46442187500000003952 0.83639583333333333837 0.01872916666666662663 0.02646759259259262587
2 0.68579296875000006484 0.72796527777777775281 0.03212760416666663593 0.04525462962962963076
2 0.83272656249999998934 0.83212499999999989253 0.03505729166666663593 0.06232407407407412891
2 0.78974348958333329129 0.58581018518518512828 0.04322135416666661456 0.04951851851851853809
