2 0.140245 0.811873 0.016521 0.033440
7 0.448866 0.138611 0.071951 0.097093
1 0.461503 0.034938 0.023651 0.038912
2 0.345197 0.984618 0.016518 0.030764
1 0.558799 0.348782 0.020146 0.055213
7 0.268823 0.532919 0.161885 0.189903
2 0.454315 0.269687 0.016521 0.033440
7 0.292025 0.735356 0.158971 0.156417
1 0.496686 0.698708 0.013430 0.038796
1 0.691423 0.174190 0.028539 0.043278
1 0.599930 0.813609 0.025182 0.059690
1 0.422820 0.088387 0.021823 0.041782
2 0.406051 0.244817 0.016518 0.033440
1 0.439931 0.029361 0.079482 0.058722
1 0.428277 0.445773 0.037773 0.055213
1 0.876085 0.467412 0.033576 0.071630
2 0.844626 0.568137 0.016518 0.033440
2 0.412346 0.488549 0.016521 0.033440
2 0.135352 0.934975 0.016521 0.033440
1 0.291716 0.173734 0.026448 0.043116
2 0.871206 0.575595 0.016521 0.033440
1 0.607064 0.418169 0.022664 0.044764
1 0.527008 0.164282 0.023938 0.039639
2 0.452917 0.343058 0.016521 0.033440
1 0.729615 0.915081 0.020984 0.047755
2 0.583720 0.767100 0.016518 0.033440
1 0.639380 0.473382 0.015109 0.044764
1 0.660365 0.569630 0.016786 0.049241
1 0.670438 0.506956 0.030219 0.049245
2 0.545247 0.712382 0.016521 0.033440
7 0.878734 0.721174 0.157531 0.236356
2 0.230111 0.648424 0.024919 0.038403
1 0.201573 0.171565 0.036104 0.058194
1 0.530793 0.106843 0.044565 0.057065
1 0.832437 0.138377 0.026859 0.034319
1 0.968417 0.356243 0.036932 0.061181
1 0.595297 0.063028 0.022057 0.038315
2 0.482993 0.183887 0.016518 0.033440
6 0.755689 0.417551 0.133372 0.337500
2 0.503279 0.520882 0.016521 0.033440
7 0.098400 0.413030 0.131430 0.151255
2 0.429134 0.247306 0.016518 0.033444
1 0.541353 0.264824 0.048247 0.059120
2 0.319315 0.923780 0.016521 0.033440
2 0.713124 0.698706 0.016518 0.033440
2 0.357786 0.789484 0.016521 0.033440
2 0.545247 0.790725 0.016521 0.033440
1 0.381297 0.226294 0.040901 0.054829
