9 0.738021 0.071759 0.141146 0.143519
1 0.634245 0.127778 0.029948 0.048148
1 0.114583 0.365741 0.038021 0.064815
1 0.528712 0.343265 0.041209 0.060310
1 0.544141 0.135648 0.027344 0.052778
1 0.572786 0.120602 0.021615 0.040278
1 0.477130 0.258985 0.021831 0.041900
1 0.370833 0.121528 0.028125 0.046759
1 0.334635 0.060648 0.018750 0.032407
1 0.284505 0.465972 0.029427 0.040278
1 0.271745 0.410185 0.029427 0.046296
1 0.927734 0.932176 0.142448 0.135648
7 0.674656 0.442367 0.060306 0.074444
1 0.492532 0.168209 0.037446 0.073504
1 0.424003 0.116610 0.025481 0.047305
1 0.442057 0.206481 0.031510 0.074074
1 0.515019 0.233150 0.029161 0.047416
