1 0.837117 0.343734 0.049547 0.039727
2 0.260525 0.825562 0.014086 0.024181
2 0.779793 0.267704 0.014086 0.024176
2 0.519430 0.942141 0.014089 0.024181
2 0.488342 0.700345 0.014086 0.024181
1 0.898322 0.356257 0.040805 0.040588
1 0.596669 0.882595 0.034974 0.107079
1 0.906336 0.462472 0.039344 0.056130
2 0.547604 0.834197 0.014089 0.024181
8 0.847648 0.152516 0.067115 0.079449
1 0.035384 0.649435 0.029633 0.062176
2 0.789993 0.279794 0.014086 0.024181
2 0.470855 0.923144 0.014086 0.024176
8 0.936521 0.167546 0.039979 0.086472
1 0.890063 0.252630 0.034974 0.097583
2 0.780279 0.225389 0.014089 0.024176
2 0.453368 0.676167 0.014086 0.024176
2 0.201263 0.825562 0.014089 0.024181
2 0.332415 0.213299 0.014086 0.024181
1 0.536680 0.571282 0.050031 0.159759
2 0.429566 0.875648 0.014086 0.024176
2 0.739961 0.641623 0.014089 0.024181
1 0.717622 0.146843 0.047604 0.081176
1 0.596427 0.545808 0.058776 0.086356
8 0.036540 0.948431 0.070216 0.103139
1 0.389254 0.043215 0.030117 0.031088
1 0.345535 0.583373 0.050518 0.102764
2 0.816224 0.095854 0.014089 0.024181
2 0.609780 0.681347 0.014086 0.024176
1 0.167993 0.425771 0.037404 0.053542
1 0.034898 0.282854 0.037401 0.037134
8 0.402368 0.255623 0.072867 0.062181
2 0.285784 0.574266 0.014089 0.024181
1 0.201025 0.510833 0.043232 0.057861
9 0.511409 0.764692 0.059734 0.114875
8 0.399445 0.319944 0.021370 0.045759
1 0.851447 0.265150 0.067518 0.060449
2 0.448510 0.908465 0.014089 0.024181
8 0.137872 0.050097 0.038370 0.060454
2 0.761335 0.177030 0.014086 0.024181
1 0.068415 0.474132 0.051003 0.063903
2 0.431023 0.895509 0.014089 0.024176
1 0.190582 0.597187 0.067034 0.064764
1 0.191553 0.098484 0.032060 0.043181
2 0.676814 0.681347 0.014086 0.024176
1 0.739723 0.086394 0.039346 0.058722
1 0.438315 0.492697 0.092292 0.066495
1 0.701107 0.308329 0.049547 0.082898
1 0.323921 0.105824 0.026716 0.049222
1 0.121604 0.313076 0.064120 0.073403
8 0.162199 0.793928 0.107299 0.150051
2 0.806995 0.247840 0.014089 0.024181
9 0.766674 0.468477 0.062641 0.150269
2 0.785137 0.253023 0.014086 0.024176
2 0.410384 0.618345 0.014086 0.024181
1 0.652531 0.287171 0.030115 0.111398
2 0.431023 0.037998 0.014089 0.024181
1 0.075944 0.229313 0.027201 0.066495
8 0.317844 0.275900 0.038167 0.060792
2 0.768135 0.201211 0.014089 0.024181
2 0.501220 0.341963 0.016503 0.036259
8 0.224090 0.190417 0.084518 0.138148
1 0.673661 0.827757 0.046146 0.149394
2 0.876457 0.722799 0.014086 0.024181
9 0.468917 0.833370 0.024286 0.025907
1 0.030040 0.340280 0.043232 0.053542
2 0.298900 0.898965 0.014086 0.024181
1 0.582583 0.118778 0.022344 0.049222
1 0.128892 0.501333 0.046633 0.059583
8 0.270245 0.335053 0.027479 0.047856
2 0.547852 0.413211 0.021380 0.033671
2 0.279954 0.627808 0.014086 0.024181
2 0.864314 0.705528 0.014086 0.024176
6 0.674100 0.146535 0.156169 0.273579
1 0.671475 0.405910 0.046633 0.046634
2 0.787079 0.199484 0.014086 0.024181
8 0.794609 0.940405 0.095000 0.099653
