2 0.633824 0.579449 0.008737 0.015546
2 0.418486 0.163106 0.008737 0.015546
2 0.303514 0.802245 0.008737 0.015546
1 0.457858 0.799331 0.042633 0.047181
2 0.135424 0.923569 0.012630 0.023315
6 0.401746 0.265225 0.079492 0.132375
2 0.239395 0.872194 0.008737 0.015546
1 0.516108 0.195938 0.008742 0.037995
2 0.674962 0.220102 0.008737 0.015546
2 0.216079 0.962005 0.008737 0.015546
2 0.469004 0.413537 0.008737 0.015546
2 0.217536 0.585491 0.008740 0.015546
2 0.430143 0.138060 0.008740 0.015546
1 0.301892 0.198528 0.025258 0.044907
2 0.516273 0.743523 0.008740 0.015546
2 0.518064 0.379856 0.008737 0.015546
2 0.453125 0.909329 0.008740 0.015546
2 0.464298 0.741796 0.008737 0.015546
2 0.098040 0.465458 0.008737 0.015546
2 0.364719 0.937824 0.008740 0.015546
1 0.507745 0.129546 0.020990 0.038759
2 0.461383 0.755613 0.008740 0.015542
2 0.605651 0.715028 0.008740 0.015546
1 0.451361 0.360755 0.021216 0.031824
2 0.425438 0.708981 0.008740 0.015546
2 0.031493 0.697755 0.008737 0.015546
2 0.556104 0.781519 0.008740 0.015546
2 0.532789 0.705528 0.008740 0.015546
2 0.272426 0.432644 0.008737 0.015546
6 0.410819 0.487840 0.125695 0.245218
2 0.510292 0.645833 0.008740 0.015546
2 0.188391 0.914509 0.008740 0.015546
2 0.078125 0.803111 0.008740 0.015546
1 0.681991 0.861308 0.041289 0.052681
2 0.301570 0.892056 0.008740 0.015546
2 0.345289 0.613991 0.008740 0.015546
2 0.516273 0.447324 0.008740 0.015546
2 0.651311 0.730569 0.008737 0.015546
2 0.477898 0.633852 0.008740 0.015546
2 0.172842 0.933940 0.008737 0.015546
1 0.104434 0.301292 0.017971 0.051815
2 0.540560 0.706391 0.008740 0.015542
2 0.514329 0.700347 0.008737 0.015546
2 0.441467 0.902419 0.008737 0.015542
2 0.098040 0.803972 0.008737 0.015546
2 0.241337 0.366148 0.008737 0.015546
2 0.561448 0.491366 0.008740 0.015546
2 0.417027 0.153606 0.008737 0.015546
2 0.491986 0.721935 0.008737 0.015546
2 0.360681 0.228736 0.008737 0.015546
2 0.500729 0.774611 0.008740 0.015546
2 0.664275 0.330634 0.008737 0.015546
2 0.294771 0.700347 0.008740 0.015546
2 0.201507 0.867014 0.008737 0.015546
2 0.502672 0.541451 0.008740 0.015542
2 0.372339 0.172602 0.008740 0.015546
1 0.449858 0.973391 0.067971 0.053218
2 0.440496 0.882556 0.008737 0.015546
2 0.032465 0.626944 0.008737 0.015546
2 0.420094 0.696028 0.008740 0.015546
2 0.127672 0.841970 0.008740 0.015542
2 0.645969 0.468912 0.008740 0.015546
2 0.538132 0.363558 0.008737 0.015542
2 0.538617 0.306565 0.008740 0.015546
2 0.089783 0.515546 0.008737 0.015546
2 0.051409 0.715028 0.008740 0.015546
2 0.444382 0.703801 0.008737 0.015546
2 0.493928 0.513817 0.008737 0.015542
2 0.464298 0.493954 0.008737 0.015546
2 0.287332 0.130292 0.008737 0.015546
2 0.063553 0.568222 0.008737 0.015546
2 0.274854 0.391192 0.008740 0.015542
2 0.461868 0.857514 0.008737 0.015546
2 0.102898 0.467185 0.008740 0.015546
2 0.492957 0.572539 0.008737 0.015542
2 0.420579 0.686528 0.008737 0.015546
2 0.097069 0.721935 0.008737 0.015546
2 0.123786 0.976685 0.008740 0.015546
2 0.137872 0.778065 0.008740 0.015546
2 0.476927 0.766840 0.008740 0.015542
2 0.071324 0.569086 0.008737 0.015542
2 0.284569 0.878241 0.008737 0.015546
2 0.455068 0.667532 0.008740 0.015546
2 0.496357 0.627806 0.008740 0.015546
2 0.478870 0.836787 0.008740 0.015546
1 0.389813 0.791361 0.011656 0.049222
2 0.130100 0.821245 0.008737 0.015546
2 0.082983 0.544907 0.008737 0.015546
2 0.438887 0.102657 0.008737 0.015546
2 0.305790 0.154470 0.008737 0.015542
2 0.134958 0.745250 0.008740 0.015546
2 0.225793 0.374785 0.008737 0.015542
2 0.406008 0.923144 0.008740 0.015546
1 0.363824 0.780565 0.017971 0.039722
2 0.412322 0.928324 0.008737 0.015546
2 0.162160 0.745250 0.008737 0.015546
1 0.681992 0.945935 0.025745 0.049222
1 0.390540 0.735229 0.024773 0.037134
2 0.369424 0.175194 0.008740 0.015546
2 0.474012 0.698620 0.008737 0.015546
2 0.556924 0.246007 0.008740 0.015542
2 0.704592 0.234780 0.008737 0.015542
2 0.261740 0.957685 0.008740 0.015546
2 0.473526 0.672713 0.008740 0.015546
2 0.167017 0.776338 0.008737 0.015546
2 0.400664 0.905873 0.008740 0.015542
2 0.319878 0.171741 0.008740 0.015546
2 0.151474 0.778065 0.008740 0.015546
1 0.325451 0.960183 0.013115 0.063903
2 0.491014 0.684801 0.008737 0.015546
2 0.481785 0.555269 0.008737 0.015546
2 0.482271 0.536269 0.008740 0.015546
2 0.087354 0.795338 0.008740 0.015546
2 0.288941 0.372194 0.008737 0.015546
2 0.487128 0.790157 0.008740 0.015546
2 0.171389 0.788431 0.008737 0.015546
2 0.310314 0.823833 0.008737 0.015546
2 0.465270 0.660620 0.008737 0.015546
2 0.497663 0.421310 0.008737 0.015546
2 0.518216 0.536269 0.008740 0.015546
2 0.194706 0.878241 0.008740 0.015546
2 0.551095 0.184694 0.008737 0.015546
2 0.519673 0.358375 0.008737 0.015546
2 0.682400 0.455097 0.008737 0.015546
2 0.381233 0.933507 0.008737 0.015542
2 0.360346 0.708118 0.008740 0.015542
1 0.207655 0.356558 0.017487 0.020727
1 0.575671 0.374282 0.060029 0.094426
2 0.454917 0.109565 0.008740 0.015546
1 0.491091 0.202414 0.017000 0.040588
2 0.056267 0.567356 0.008737 0.015546
2 0.209277 0.382556 0.008737 0.015546
2 0.551733 0.721069 0.008737 0.015546
2 0.597393 0.994819 0.008740 0.010361
2 0.481298 0.758204 0.008737 0.015546
2 0.652283 0.470639 0.008737 0.015546
2 0.116499 0.719343 0.008737 0.015546
2 0.504129 0.671847 0.008737 0.015546
1 0.695350 0.343604 0.010685 0.025903
2 0.486156 0.590674 0.008740 0.015542
1 0.189197 0.257681 0.028174 0.030222
2 0.489070 0.766840 0.008740 0.015542
2 0.526960 0.783248 0.008737 0.015542
2 0.337365 0.201963 0.008740 0.015546
2 0.321973 0.658032 0.008737 0.015546
1 0.083547 0.231775 0.021859 0.040588
2 0.295742 0.474958 0.008740 0.015546
2 0.269025 0.835060 0.008737 0.015546
2 0.570191 0.711574 0.008737 0.015546
2 0.442286 0.133745 0.008740 0.015546
2 0.449240 0.767704 0.008740 0.015546
2 0.286026 0.467185 0.008740 0.015546
2 0.123786 0.442144 0.008740 0.015546
1 0.525423 0.143069 0.020878 0.036981
2 0.338488 0.950778 0.008737 0.015546
2 0.680305 0.263278 0.008740 0.015546
2 0.428837 0.696891 0.008737 0.015542
2 0.293798 0.826426 0.008737 0.015546
2 0.554161 0.619171 0.008740 0.015546
2 0.519673 0.560449 0.008737 0.015546
2 0.499758 0.783248 0.008740 0.015542
1 0.224900 0.114329 0.019914 0.023315
2 0.477413 0.737479 0.008737 0.015542
2 0.510444 0.745250 0.008737 0.015546
2 0.500729 0.755613 0.008740 0.015542
2 0.100470 0.786701 0.008737 0.015542
1 0.711866 0.945502 0.034003 0.089810
2 0.531816 0.672713 0.008737 0.015546
2 0.555133 0.791884 0.008740 0.015546
2 0.252996 0.912782 0.008737 0.015546
1 0.591154 0.448113 0.058557 0.055921
2 0.381082 0.170014 0.008737 0.015546
2 0.564848 0.734889 0.008737 0.015546
2 0.109214 0.771157 0.008740 0.015546
2 0.289427 0.404146 0.008740 0.015542
2 0.042665 0.558722 0.008737 0.015546
2 0.089783 0.816926 0.008737 0.015546
2 0.437915 0.138926 0.008737 0.015546
2 0.013035 0.986185 0.008737 0.015546
2 0.106298 0.977546 0.008737 0.015546
2 0.543475 0.798792 0.008737 0.015546
2 0.343831 0.919690 0.008740 0.015546
6 0.869953 0.834132 0.149057 0.331736
2 0.199564 0.848014 0.008737 0.015546
2 0.463811 0.734889 0.008737 0.015546
2 0.470612 0.860968 0.008740 0.015546
2 0.105327 0.447324 0.008737 0.015546
1 0.339777 0.137019 0.019539 0.032843
2 0.075211 0.526769 0.008740 0.015546
2 0.005749 0.650259 0.008737 0.015546
2 0.348203 0.636444 0.008740 0.015546
2 0.514329 0.717616 0.008737 0.015546
2 0.684342 0.721935 0.008737 0.015546
2 0.551246 0.645942 0.008737 0.015542
2 0.218993 0.930917 0.008737 0.015546
2 0.623958 0.250324 0.008740 0.015546
2 0.253482 0.930917 0.008740 0.015546
2 0.163617 0.443870 0.008740 0.015546
2 0.016921 0.619171 0.008737 0.015546
2 0.725632 0.719343 0.008737 0.015546
1 0.413129 0.767181 0.019430 0.075130
2 0.342223 0.172602 0.008737 0.015546
1 0.570978 0.233694 0.030789 0.040269
2 0.642568 0.454231 0.008740 0.015546
2 0.632853 0.730569 0.008737 0.015546
1 0.234615 0.790928 0.021859 0.043181
2 0.613423 0.734889 0.008737 0.015546
2 0.559505 0.749569 0.008740 0.015546
2 0.298656 0.772884 0.008740 0.015546
2 0.516121 0.391083 0.008737 0.015546
2 0.346746 0.660620 0.008737 0.015546
2 0.294285 0.584630 0.008737 0.015546
2 0.445353 0.727979 0.008737 0.015542
2 0.464783 0.449914 0.008737 0.015542
2 0.302542 0.458551 0.008740 0.015546
2 0.173332 0.776338 0.008737 0.015546
1 0.842776 0.867354 0.018943 0.050949
1 0.217857 0.637646 0.018458 0.063042
