1 0.356710 0.325600 0.015544 0.044903
2 0.511658 0.793611 0.011977 0.019000
7 0.883258 0.519861 0.065245 0.074759
1 0.953454 0.298829 0.022831 0.039722
2 0.588408 0.215889 0.011977 0.019000
1 0.587688 0.096405 0.021057 0.037569
1 0.094402 0.484926 0.023315 0.082037
2 0.680699 0.136444 0.011977 0.019000
6 0.057779 0.747141 0.083224 0.187319
2 0.409165 0.794472 0.011977 0.019000
2 0.130342 0.705528 0.011977 0.019000
6 0.155730 0.119350 0.116826 0.237042
1 0.564124 0.731903 0.015544 0.031954
1 0.676576 0.722403 0.018943 0.038861
2 0.739475 0.829880 0.011977 0.019000
6 0.659113 0.659113 0.120727 0.198144
1 0.439440 0.140817 0.028083 0.044356
1 0.589383 0.020762 0.029146 0.031088
2 0.567035 0.682213 0.011977 0.019000
2 0.822053 0.962866 0.011977 0.019000
2 0.723447 0.878241 0.011977 0.019000
2 0.423251 0.454231 0.011977 0.019000
1 0.727753 0.230525 0.018521 0.031542
1 0.256887 0.313512 0.012143 0.031088
2 0.330960 0.409329 0.011977 0.019000
2 0.173090 0.736616 0.011977 0.019000
2 0.576262 0.923144 0.011977 0.019000
2 0.444624 0.730569 0.011977 0.019000
2 0.185676 0.436574 0.011977 0.019000
2 0.608809 0.802245 0.011977 0.019000
2 0.036592 0.494819 0.011977 0.019000
2 0.557319 0.759069 0.011977 0.019000
1 0.763281 0.744426 0.016516 0.055269
2 0.188104 0.553588 0.018120 0.027194
2 0.176004 0.772023 0.011977 0.019000
2 0.295499 0.293611 0.011977 0.019000
2 0.434423 0.683074 0.011977 0.019000
2 0.755020 0.868741 0.011977 0.019000
1 0.464788 0.588986 0.017971 0.043176
2 0.763762 0.945597 0.011977 0.019000
1 0.443857 0.576977 0.019286 0.038074
2 0.653496 0.938690 0.011977 0.019000
1 0.648099 0.299602 0.017391 0.034787
1 0.669533 0.895116 0.015544 0.030222
1 0.465273 0.713769 0.016031 0.057861
2 0.124027 0.710708 0.011977 0.019000
1 0.491660 0.294435 0.024602 0.036519
1 0.818415 0.760833 0.021857 0.062176
2 0.162889 0.791019 0.011977 0.019000
2 0.315900 0.364421 0.011977 0.019000
1 0.041456 0.415410 0.036917 0.031088
1 0.454648 0.654231 0.046484 0.056444
2 0.812824 0.980139 0.011977 0.019000
2 0.031736 0.512093 0.011977 0.019000
1 0.507292 0.500037 0.026229 0.044907
1 0.205154 0.899002 0.014573 0.046634
1 0.690906 0.781558 0.029146 0.034542
2 0.184749 0.873060 0.011977 0.019000
2 0.232350 0.561315 0.011977 0.019000
1 0.447172 0.027118 0.024323 0.035838
2 0.569949 0.760796 0.011977 0.019000
2 0.302301 0.149398 0.011977 0.019000
2 0.450454 0.816065 0.011977 0.019000
2 0.158517 0.742662 0.011977 0.019000
6 0.368281 0.630405 0.062760 0.266477
1 0.419990 0.600169 0.028714 0.052153
2 0.569949 0.221935 0.011977 0.019000
2 0.718587 0.848880 0.011977 0.019000
1 0.860674 0.747877 0.027688 0.056995
2 0.206120 0.189120 0.058594 0.044907
1 0.665523 0.252630 0.017875 0.035074
2 0.251780 0.186528 0.011977 0.019000
2 0.822538 0.866148 0.011977 0.019000
2 0.752590 0.420551 0.011977 0.019000
2 0.153660 0.988773 0.011977 0.019000
1 0.396694 0.120662 0.024190 0.034083
1 0.493323 0.521868 0.019896 0.030773
2 0.307642 0.983593 0.011977 0.019000
1 0.495880 0.610563 0.017979 0.034523
1 0.723947 0.718118 0.042013 0.059792
1 0.927708 0.078190 0.013115 0.030222
1 0.483682 0.160109 0.017255 0.027227
1 0.840031 0.066100 0.020401 0.030227
2 0.161918 0.525042 0.011977 0.019000
2 0.680215 0.962866 0.011977 0.019000
1 0.425651 0.219831 0.025286 0.031690
2 0.769105 0.827287 0.011977 0.019000
2 0.139572 0.105356 0.011977 0.019000
7 0.305792 0.245792 0.065245 0.074759
1 0.161194 0.251333 0.014086 0.024176
2 0.244009 0.561315 0.011977 0.019000
2 0.214863 0.840241 0.011977 0.019000
2 0.213408 0.701208 0.011977 0.019000
2 0.289671 0.512954 0.011977 0.019000
2 0.742389 0.430917 0.011977 0.019000
2 0.727816 0.408463 0.011977 0.019000
1 0.542556 0.660579 0.015424 0.028824
7 0.090510 0.398102 0.065245 0.074759
1 0.606271 0.290910 0.014583 0.028032
1 0.366171 0.166588 0.016961 0.029981
2 0.363020 0.942144 0.011977 0.019000
1 0.124520 0.427931 0.009716 0.019861
2 0.624353 0.848014 0.011977 0.019000
2 0.575290 0.911056 0.011977 0.019000
2 0.195434 0.829014 0.011977 0.019000
6 0.591512 0.497171 0.051221 0.109093
2 0.177947 0.115718 0.011977 0.019000
6 0.058316 0.323558 0.116487 0.232606
2 0.349418 0.456824 0.011977 0.019000
1 0.200539 0.469815 0.017974 0.029361
2 0.259553 0.163213 0.011977 0.019000
2 0.422764 0.434370 0.011977 0.019000
1 0.454629 0.272067 0.017216 0.034125
2 0.591322 0.924009 0.011977 0.019000
2 0.142001 0.086356 0.011977 0.019000
2 0.654470 0.962866 0.011977 0.019000
2 0.130829 0.719343 0.011977 0.019000
1 0.227013 0.401590 0.016516 0.027634
2 0.458225 0.822106 0.011977 0.019000
2 0.401879 0.177894 0.011977 0.019000
1 0.484217 0.026808 0.012143 0.027634
2 0.459197 0.799657 0.011977 0.019000
2 0.359132 0.453370 0.011977 0.019000
2 0.647184 0.810019 0.011977 0.019000
1 0.699669 0.091752 0.033021 0.041181
1 0.787570 0.759537 0.026229 0.038861
2 0.730733 0.967185 0.011977 0.019000
2 0.260694 0.595868 0.012242 0.018319
2 0.500973 0.804838 0.011977 0.019000
1 0.651559 0.776377 0.013602 0.043181
2 0.217293 0.822972 0.011977 0.019000
2 0.278012 0.526769 0.011977 0.019000
7 0.841482 0.399829 0.065245 0.074759
2 0.258582 0.512093 0.011977 0.019000
