2 0.67332812499999994404 0.65290972222222209975 0.02434895833333333356 0.03861574074074077684
2 0.27020052083333329085 0.92938425925925927107 0.02434895833333330234 0.03861111111111115157
2 0.65725260416666664298 0.47219675925925930215 0.02434895833333333356 0.03861574074074077684
2 0.33926822916666665719 0.97800694444444435938 0.03735937500000000716 0.03861574074074067275
2 0.12163281250000000655 0.37797916666666664387 0.02434895833333334744 0.03861574074074072827
2 0.61251041666666661278 0.53861342592592587053 0.02434895833333333356 0.03861574074074067275
2 0.63075520833333331705 0.39342592592592590117 0.02434895833333333356 0.03861111111111110300
2 0.58210156250000000266 0.19263425925925928284 0.02434895833333333356 0.03861111111111112382
2 0.19895703124999999933 0.42122685185185182455 0.02435156249999999648 0.03861111111111110300
2 0.29713281250000000977 0.38261342592592589851 0.02434895833333333356 0.03861574074074072827
2 0.49435156250000000799 0.58958333333333334814 0.02434895833333333356 0.03861111111111115157
2 0.48132031250000001377 0.80582175925925914051 0.02434895833333333356 0.03861574074074077684
2 0.77671614583333337123 0.24669212962962963620 0.02434895833333333356 0.03861574074074072827
2 0.84795833333333325843 0.81971990740740741099 0.02434895833333333356 0.03861574074074067275
2 0.77150260416666671670 0.94946296296296306405 0.02434895833333333356 0.03861111111111104749
2 0.64204947916666665897 0.22506944444444443310 0.02434895833333333356 0.03861111111111112382
2 0.51259635416666660124 0.73013657407407406286 0.02434895833333333356 0.03861574074074067275
2 0.88966145833333343251 0.45366203703703705807 0.02434895833333333356 0.03861111111111110300
2 0.28366406249999998046 0.28836342592592595357 0.02693229166666668423 0.03397685185185184836
2 0.69939062499999993250 0.71314814814814819766 0.02434895833333333356 0.03861111111111104749
