8 0.442839 0.166435 0.074740 0.121759
8 0.355865 0.130032 0.054474 0.085146
8 0.331459 0.300218 0.078206 0.087548
1 0.619401 0.366204 0.034635 0.037037
1 0.285547 0.374074 0.044531 0.051852
1 0.486514 0.633397 0.066545 0.099928
1 0.626302 0.766204 0.111458 0.136111
8 0.503657 0.394164 0.049151 0.058610
8 0.149219 0.517593 0.036458 0.059259
1 0.606963 0.160996 0.031362 0.049821
1 0.650145 0.149434 0.059870 0.098491
1 0.660677 0.321528 0.052083 0.056019
1 0.717161 0.210604 0.027723 0.046228
1 0.754595 0.627428 0.098817 0.123887
