6 0.077694 0.232701 0.153767 0.274056
1 0.525407 0.216318 0.023510 0.042941
1 0.690835 0.189175 0.029179 0.059603
6 0.420488 0.679806 0.075656 0.247633
1 0.768431 0.048569 0.033424 0.059407
1 0.716193 0.529687 0.032196 0.049437
6 0.825914 0.729266 0.106177 0.317510
1 0.121329 0.134447 0.028590 0.062102
1 0.476306 0.482385 0.021659 0.039050
1 0.358499 0.463857 0.025803 0.052407
1 0.502209 0.328760 0.022282 0.042633
1 0.863742 0.276584 0.027862 0.050523
1 0.751383 0.597247 0.032238 0.061416
1 0.698087 0.032190 0.052051 0.063694
1 0.399318 0.175028 0.016467 0.024594
1 0.222705 0.575054 0.032747 0.050560
6 0.142036 0.903522 0.078024 0.192956
1 0.774703 0.294398 0.027385 0.051876
1 0.219436 0.037108 0.025272 0.051123
1 0.268430 0.076780 0.016758 0.031788
1 0.582850 0.528638 0.019585 0.038600
1 0.425894 0.132897 0.015006 0.027643
1 0.771634 0.744548 0.032486 0.058308
1 0.392396 0.017499 0.016694 0.030405
6 0.171702 0.492710 0.133864 0.302999
2 0.497669 0.974871 0.017801 0.032447
