8 0.804606 0.578281 0.031955 0.050298
8 0.782580 0.493022 0.041164 0.067334
8 0.206026 0.299754 0.045087 0.058283
8 0.544099 0.491941 0.033528 0.060598
1 0.526793 0.836557 0.035987 0.052194
1 0.548164 0.688367 0.058823 0.064619
1 0.542244 0.121982 0.042004 0.067386
1 0.549591 0.931881 0.061086 0.096810
8 0.990353 0.876388 0.019293 0.043699
1 0.549330 0.327343 0.047120 0.074777
8 0.667759 0.705868 0.028193 0.048300
1 0.633166 0.930601 0.043909 0.052243
1 0.198445 0.756297 0.070357 0.095578
1 0.481423 0.323689 0.029392 0.042328
1 0.498179 0.465505 0.041244 0.052122
