1 0.660055 0.136268 0.025613 0.041511
1 0.512168 0.020027 0.025274 0.036569
1 0.767589 0.064107 0.022044 0.049128
1 0.705036 0.106500 0.019854 0.036701
1 0.539584 0.296733 0.033188 0.053186
1 0.037070 0.613591 0.037919 0.077604
1 0.255752 0.077047 0.020623 0.033425
1 0.735658 0.095867 0.025150 0.055787
6 0.904691 0.573547 0.085486 0.246824
1 0.297417 0.047041 0.014428 0.026868
1 0.360337 0.814575 0.036014 0.080840
1 0.661741 0.034956 0.022440 0.037095
1 0.382530 0.243920 0.020644 0.034126
1 0.471396 0.385121 0.022429 0.037520
1 0.389527 0.054429 0.020177 0.031263
1 0.610397 0.093198 0.017195 0.032980
1 0.541249 0.059084 0.015235 0.034057
1 0.363448 0.227527 0.020659 0.041710
1 0.615974 0.124002 0.022481 0.037288
1 0.614245 0.581638 0.021334 0.038031
6 0.972518 0.345256 0.054965 0.242765
1 0.223666 0.029079 0.025623 0.043554
1 0.444956 0.183215 0.015673 0.024651
1 0.568141 0.307666 0.016951 0.038226
1 0.320844 0.095377 0.017319 0.035016
1 0.606395 0.326382 0.058477 0.072913
1 0.447950 0.045350 0.015342 0.025350
1 0.517444 0.057578 0.015074 0.031220
6 0.636077 0.544312 0.040258 0.089250
1 0.217506 0.194796 0.016666 0.029147
1 0.685580 0.110552 0.016216 0.032613
1 0.558792 0.193355 0.016877 0.034924
6 0.466016 0.528935 0.033594 0.102315
6 0.661328 0.325926 0.034635 0.078704
1 0.469836 0.073950 0.018742 0.036205
1 0.635477 0.260051 0.021820 0.040432
1 0.873286 0.176771 0.024565 0.040733
1 0.612379 0.095819 0.017856 0.032625
1 0.653600 0.281558 0.017257 0.032550
1 0.570094 0.058522 0.014917 0.031128
6 0.758651 0.525771 0.037874 0.110395
6 0.671801 0.440466 0.035418 0.103903
1 0.859635 0.520632 0.045743 0.084043
1 0.473605 0.035052 0.012994 0.023077
1 0.424937 0.220974 0.014316 0.025122
1 0.230855 0.060635 0.019258 0.032362
1 0.471564 0.199246 0.020121 0.034878
