1 0.61651302083333325843 0.07093981481481481666 0.06260937500000002265 0.03864814814814814675
1 0.36564322916666663899 0.08098842592592592204 0.10000000000000000555 0.05874537037037037140
1 0.69999218750000002931 0.76891203703703703276 0.08000000000000007105 0.11439814814814820709
1 0.65694661458333336590 0.54707638888888887596 0.08956510416666661756 0.20251388888888890993
1 0.24042578124999997025 0.69857407407407412503 0.08260677083333331505 0.18087037037037040355
8 0.68607812499999998312 0.15364583333333334259 0.02608854166666674246 0.04018981481481478935
8 0.33433854166666671093 0.30746296296296293793 0.04260937500000003264 0.09429629629629632248
8 0.40651041666666665186 0.95634259259259246644 0.10520833333333333426 0.08731481481481477569
8 0.61564322916666669450 0.76040972222222225074 0.03304166666666669833 0.16541203703703713512
9 0.37433984374999995648 0.26881481481481478424 0.06869531249999999423 0.10357407407407408229
8 0.56129557291666665186 0.08021527777777777424 0.02869531249999989625 0.05719907407407407579
8 0.44955729166666669183 0.04697916666666666213 0.04173958333333332299 0.06493055555555556080
8 0.30129427083333332194 0.23635185185185184076 0.08086979166666666274 0.14686111111111110894
8 0.42172916666666665497 0.86012037037037047948 0.06086979166666666580 0.10512037037037044729
