2 0.742876 0.884285 0.011602 0.022764
1 0.480180 0.613803 0.017516 0.029347
1 0.815987 0.763424 0.029630 0.044903
2 0.445359 0.332030 0.020844 0.042606
1 0.540383 0.084468 0.032740 0.048037
1 0.277788 0.211644 0.023539 0.045463
2 0.248382 0.826424 0.011602 0.022764
2 0.182803 0.870468 0.011602 0.022759
2 0.585493 0.806562 0.011602 0.022764
1 0.416182 0.604248 0.031167 0.041801
2 0.725874 0.657169 0.011602 0.022764
2 0.470368 0.740069 0.011602 0.022759
2 0.520887 0.895509 0.011602 0.022759
2 0.135202 0.926600 0.011602 0.022764
2 0.603465 0.776340 0.011602 0.022764
2 0.733647 0.893782 0.011602 0.022759
2 0.807480 0.639896 0.011602 0.022764
2 0.397195 0.784493 0.029083 0.057319
2 0.699645 0.920553 0.011602 0.022764
1 0.626544 0.365755 0.023802 0.040583
1 0.376669 0.248505 0.023661 0.037954
7 0.591660 0.293604 0.063148 0.083764
1 0.468189 0.252197 0.022831 0.048356
3 0.802094 0.176204 0.135234 0.126426
1 0.602013 0.066100 0.018458 0.028495
2 0.665155 0.952505 0.011602 0.022759
2 0.570921 0.808289 0.011602 0.022764
1 0.873236 0.119113 0.051122 0.070653
6 0.445599 0.417144 0.050969 0.130167
2 0.378563 0.931780 0.011599 0.022764
1 0.685335 0.182394 0.021284 0.038667
2 0.652040 0.439553 0.011602 0.022764
1 0.773947 0.393963 0.065930 0.070676
2 0.506315 0.170123 0.011599 0.022764
1 0.513772 0.202030 0.018914 0.036810
6 0.364826 0.635519 0.055016 0.157500
2 0.559262 0.411053 0.011602 0.022764
1 0.177953 0.316532 0.016516 0.033676
2 0.494173 0.791891 0.011602 0.022764
2 0.433939 0.050951 0.011602 0.022764
1 0.877672 0.530817 0.033250 0.088366
1 0.302012 0.205213 0.030987 0.052713
2 0.679728 0.961141 0.011602 0.022764
2 0.574319 0.722799 0.011602 0.022764
2 0.555376 0.758204 0.011602 0.022759
2 0.049223 0.843697 0.011602 0.022764
6 0.374741 0.610539 0.083789 0.210125
2 0.194462 0.944734 0.011602 0.022764
2 0.378077 0.486183 0.011602 0.022764
2 0.521611 0.666241 0.014018 0.034000
2 0.572863 0.432644 0.011602 0.022759
1 0.475717 0.835097 0.020404 0.051815
1 0.748952 0.546669 0.020888 0.037995
2 0.221178 0.558722 0.011602 0.022759
1 0.081530 0.623528 0.033518 0.046630
1 0.535951 0.605824 0.023318 0.054407
1 0.653590 0.269206 0.029878 0.043810
1 0.455082 0.191368 0.016820 0.033495
1 0.536677 0.837245 0.041281 0.050972
1 0.432798 0.756120 0.032107 0.058083
2 0.506315 0.924007 0.011599 0.022764
2 0.633582 0.791882 0.011602 0.022764
1 0.315419 0.928363 0.040802 0.048356
2 0.275582 0.752160 0.011602 0.022764
1 0.697904 0.265065 0.045510 0.060704
2 0.439281 0.022451 0.011599 0.022764
1 0.574487 0.138822 0.025125 0.041736
2 0.639897 0.767704 0.011602 0.022759
2 0.626781 0.988697 0.011599 0.022606
5 0.155850 0.191317 0.106378 0.044042
2 0.370790 0.015544 0.011602 0.022764
1 0.157309 0.562215 0.024773 0.053542
1 0.136663 0.606257 0.026232 0.050088
2 0.266840 0.727979 0.011602 0.022764
2 0.629697 0.756477 0.011602 0.022759
1 0.760723 0.275535 0.027732 0.043792
2 0.244980 0.800519 0.011602 0.022759
6 0.303022 0.549125 0.093492 0.187806
1 0.424471 0.906343 0.017974 0.063037
1 0.481431 0.570213 0.031971 0.044315
1 0.620738 0.292074 0.022398 0.035463
2 0.705960 0.880831 0.011602 0.022764
2 0.380505 0.553539 0.011599 0.022764
1 0.601284 0.359278 0.034490 0.044907
1 0.976176 0.492625 0.031138 0.091917
2 0.825454 0.967185 0.011602 0.022759
1 0.283845 0.051852 0.021372 0.038000
1 0.193690 0.240398 0.029469 0.047250
6 0.688586 0.071338 0.091417 0.142676
2 0.213892 0.565632 0.011602 0.022764
1 0.395569 0.969382 0.022346 0.035403
1 0.397931 0.672197 0.024971 0.053894
2 0.549547 0.262521 0.011599 0.022764
1 0.478633 0.901593 0.027203 0.063907
1 0.982600 0.618778 0.026716 0.054407
2 0.464540 0.773748 0.011602 0.022764
1 0.428842 0.811350 0.027690 0.063042
1 0.745277 0.180435 0.025284 0.040537
2 0.511658 0.904146 0.011602 0.022764
2 0.227009 0.561312 0.011602 0.022764
2 0.636496 0.912780 0.011602 0.022764
2 0.204663 0.597583 0.011602 0.022759
2 0.447053 0.900692 0.011602 0.022764
2 0.228465 0.843697 0.011602 0.022764
1 0.013768 0.142956 0.022344 0.044042
2 0.496113 0.713299 0.011602 0.022764
1 0.542022 0.512130 0.020888 0.065630
2 0.572863 0.756477 0.011602 0.022759
2 0.758905 0.677030 0.011602 0.022764
1 0.243772 0.126118 0.014086 0.037995
1 0.912651 0.569553 0.033516 0.040588
2 0.400908 0.935234 0.011602 0.022764
1 0.407467 0.245463 0.020023 0.041417
1 0.656174 0.199951 0.011172 0.037134
2 0.716882 0.566053 0.017904 0.027060
1 0.501456 0.041319 0.021490 0.038500
7 0.433943 0.383025 0.063146 0.083764
2 0.571892 0.402419 0.011602 0.022764
1 0.307647 0.116618 0.015544 0.046634
