8 0.101844 0.879103 0.034061 0.062641
1 0.334842 0.396593 0.021427 0.035846
1 0.478496 0.053247 0.017805 0.031123
1 0.186318 0.048338 0.023901 0.049380
1 0.228526 0.061490 0.016956 0.031012
1 0.449668 0.106616 0.020225 0.029021
6 0.378839 0.329689 0.050158 0.166896
6 0.504442 0.856564 0.081088 0.258731
1 0.634399 0.025533 0.018570 0.028643
1 0.465453 0.289801 0.021460 0.031847
6 0.739497 0.698586 0.038180 0.123418
6 0.319134 0.685798 0.048551 0.087805
1 0.591858 0.408622 0.020748 0.030397
5 0.135708 0.324727 0.079815 0.076030
1 0.606624 0.054989 0.015771 0.025910
1 0.440593 0.045557 0.015745 0.026549
6 0.339999 0.482643 0.040110 0.090509
1 0.423513 0.065955 0.021965 0.037185
1 0.786596 0.069219 0.018034 0.032032
1 0.240940 0.042464 0.014841 0.024454
1 0.308492 0.080976 0.028246 0.037527
6 0.377470 0.035504 0.054759 0.071007
1 0.397169 0.101524 0.021134 0.030283
1 0.347880 0.020824 0.019218 0.030957
5 0.587826 0.144625 0.088225 0.109272
1 0.353642 0.112354 0.015688 0.024872
1 0.492013 0.302773 0.014177 0.023874
1 0.528535 0.016361 0.017185 0.032722
6 0.554711 0.025636 0.050778 0.051273
1 0.580668 0.087799 0.021677 0.032235
1 0.350504 0.665510 0.017564 0.029278
1 0.288832 0.456914 0.018557 0.027397
1 0.416696 0.776884 0.020779 0.038515
6 0.522332 0.344064 0.027065 0.080835
1 0.518125 0.173613 0.015308 0.026453
1 0.445040 0.430101 0.016491 0.027515
1 0.818661 0.026751 0.023726 0.053502
6 0.446715 0.320146 0.032257 0.063906
1 0.817798 0.019970 0.023372 0.039941
