2 0.609014 0.448588 0.011076 0.020722
2 0.508757 0.825789 0.011076 0.020727
1 0.797887 0.448965 0.115169 0.216449
2 0.465621 0.864130 0.011076 0.020722
2 0.701113 0.050660 0.011076 0.020727
2 0.356035 0.725271 0.011076 0.020727
2 0.643988 0.077602 0.011076 0.020722
2 0.394507 0.933560 0.011076 0.020722
8 0.349710 0.145870 0.017174 0.027056
2 0.795543 0.882782 0.011076 0.020722
2 0.384014 0.901435 0.011076 0.020722
2 0.342512 0.850431 0.017076 0.027833
2 0.459792 0.440296 0.011073 0.020722
2 0.479611 0.992687 0.011076 0.014625
2 0.392759 0.187447 0.011076 0.020727
2 0.632913 0.451694 0.011076 0.020722
2 0.734921 0.195736 0.011076 0.020722
2 0.314066 0.139778 0.011076 0.020722
2 0.549559 0.593664 0.011076 0.020727
2 0.532072 0.470350 0.011076 0.020727
2 0.319312 0.157394 0.011073 0.020722
2 0.708108 0.777083 0.011076 0.020722
2 0.690621 0.887965 0.011076 0.020727
8 0.495957 0.892998 0.019445 0.033986
1 0.331555 0.377120 0.019807 0.026963
2 0.432978 0.808171 0.011076 0.020722
2 0.487189 0.828898 0.011076 0.020722
2 0.748910 0.149104 0.011076 0.020727
2 0.635828 0.125271 0.011073 0.020727
6 0.439703 0.240861 0.055880 0.114407
1 0.699372 0.878146 0.016323 0.032125
2 0.624754 0.455840 0.011076 0.020727
2 0.625335 0.823715 0.011076 0.020727
2 0.551889 0.990616 0.011076 0.018769
2 0.428897 0.698326 0.011076 0.020727
2 0.535569 0.795736 0.011076 0.020722
2 0.591527 0.340815 0.011076 0.020722
2 0.558301 0.226824 0.011076 0.020722
2 0.624171 0.423715 0.011076 0.020727
2 0.710439 0.663095 0.011076 0.020727
2 0.559467 0.930451 0.011076 0.020727
2 0.465038 0.801954 0.011076 0.020722
2 0.650400 0.792627 0.011076 0.020727
2 0.635828 0.113873 0.011073 0.020727
2 0.632329 0.463095 0.011076 0.020727
2 0.625335 0.141852 0.011076 0.020722
2 0.574624 0.986410 0.011076 0.020727
1 0.564723 0.778664 0.017487 0.065282
2 0.385181 0.934597 0.011076 0.020722
2 0.713354 0.805065 0.011073 0.020722
2 0.478444 0.841333 0.011076 0.020722
2 0.659145 0.044442 0.011076 0.020727
2 0.571710 0.906618 0.011076 0.020727
2 0.643988 0.092109 0.011076 0.020727
8 0.957887 0.520079 0.034154 0.046565
2 0.645155 0.065167 0.011076 0.020722
2 0.668470 0.807137 0.011076 0.020727
2 0.645155 0.232005 0.011076 0.020722
2 0.551307 0.968794 0.011073 0.020727
2 0.650983 0.062058 0.011076 0.020727
2 0.248199 0.965685 0.011076 0.020722
2 0.787382 0.230970 0.011076 0.020727
2 0.440556 0.360505 0.011076 0.020722
2 0.649234 0.248588 0.011073 0.020722
2 0.498263 0.968794 0.011073 0.020727
2 0.379350 0.927343 0.011076 0.020722
2 0.537900 0.807137 0.011076 0.020727
2 0.776889 0.118016 0.011076 0.020727
1 0.637293 0.556903 0.033227 0.061139
2 0.445801 0.345995 0.011076 0.020722
1 0.679844 0.861567 0.014573 0.027977
2 0.677797 0.073458 0.011073 0.020722
8 0.780443 0.643866 0.041719 0.071454
2 0.809533 0.226824 0.011076 0.020722
2 0.438807 0.877602 0.011073 0.020722
2 0.473199 0.437188 0.011076 0.020727
1 0.771652 0.704053 0.031477 0.117097
2 0.326889 0.083819 0.011076 0.020722
2 0.636410 0.787447 0.011076 0.020727
2 0.581035 0.856877 0.011076 0.020727
2 0.346126 0.059986 0.011076 0.020722
2 0.655647 0.777083 0.011076 0.020722
6 0.508354 0.596699 0.079911 0.161130
2 0.595608 0.891074 0.011076 0.020722
1 0.609022 0.153794 0.029143 0.044560
1 0.664980 0.693171 0.011659 0.049741
2 0.423652 0.973975 0.011076 0.020727
2 0.418988 0.922162 0.011076 0.020722
2 0.430064 0.916981 0.011076 0.020722
2 0.596775 0.381229 0.011076 0.020727
2 0.370025 0.848588 0.011076 0.020722
2 0.643988 0.453769 0.011076 0.020722
2 0.473199 0.462058 0.011076 0.020727
2 0.827020 0.785375 0.011076 0.020722
2 0.554223 0.841333 0.011076 0.020722
2 0.659145 0.063095 0.011076 0.020727
2 0.470866 0.884856 0.011076 0.020722
9 0.213258 0.086407 0.052109 0.134833
2 0.793212 0.876565 0.011076 0.020722
2 0.614842 0.820606 0.011076 0.020722
2 0.626501 0.045477 0.011076 0.020722
2 0.443470 0.775012 0.011076 0.020727
2 0.646319 0.307655 0.011076 0.020727
2 0.575207 0.294183 0.011076 0.020727
8 0.831254 0.517792 0.030195 0.058907
2 0.574040 0.557394 0.011076 0.020722
2 0.726760 0.578120 0.011073 0.020722
2 0.449299 0.844442 0.011073 0.020727
