1 0.37285937500000004841 0.14386111111111110628 0.04603124999999999578 0.05742592592592592193
1 0.79408984375000002398 0.86525231481481490459 0.07992968749999995737 0.14981944444444439402
1 0.40495963541666668561 0.42884490740740743853 0.04804947916666666569 0.04881018518518516480
1 0.16309244791666666075 0.62230092592592600731 0.08115885416666666907 0.10264814814814815502
1 0.50731901041666671581 0.48375925925925927773 0.01938281249999995737 0.03087037037037034665
1 0.50825130208333335613 0.25670138888888888173 0.06081510416666659896 0.06332870370370370650
1 0.60301562499999994404 0.75725694444444457964 0.04683854166666669844 0.07824537037037036791
1 0.57899088541666665630 0.22210648148148148806 0.07389322916666667129 0.07465740740740740844
2 0.61815755208333333925 0.94963657407407409128 0.01332552083333335240 0.02512499999999999109
8 0.45321093749999996625 0.78094212962962961111 0.01857291666666665078 0.02799537037037038226
8 0.68841666666666667673 0.48411805555555553759 0.02543750000000007463 0.03589351851851856068
8 0.32198177083333334725 0.70557175925925919024 0.05248958333333331866 0.04809722222222227034
8 0.50429036458333331705 0.61009953703703700967 0.03997656249999999994 0.07824537037037036791
8 0.26989322916666669272 0.68259953703703701855 0.02907291666666666358 0.05240277777777780505
