1 0.74239453124999998934 0.07988888888888888429 0.28781510416666666874 0.12040740740740742132
1 0.43655989583333332238 0.59203703703703702832 0.06384895833333334436 0.05828703703703708161
1 0.23666145833333332438 0.52674999999999994049 0.14996875000000001177 0.12346296296296288553
1 0.75852734374999997158 0.56155092592592592560 0.12883072916666668539 0.15746296296296291573
1 0.50860416666666663499 0.16945138888888888751 0.02674479166666667712 0.04755092592592591316
2 0.51520703125000000266 0.27481250000000001510 0.01962760416666663871 0.04383796296296298828
2 0.73386718750000001776 0.88684722222222223120 0.01912500000000001352 0.04025925925925927934
2 0.37530468750000001155 0.86716435185185192225 0.02164062500000003483 0.04383796296296298828
2 0.48601953125000002531 0.25110416666666668384 0.01660677083333332929 0.02683796296296297665
2 0.53760156250000012967 0.27615509259259257702 0.02315104166666669128 0.04115277777777782281
