1 0.704822 0.434669 0.056872 0.092171
1 0.633100 0.258241 0.015544 0.036269
2 0.460654 0.618308 0.009229 0.015505
1 0.723387 0.124093 0.020565 0.038241
1 0.623236 0.297560 0.018779 0.030880
2 0.105323 0.819942 0.014562 0.028449
2 0.452396 0.765977 0.009229 0.015509
2 0.486885 0.611400 0.009229 0.015505
1 0.729766 0.212475 0.016516 0.050088
2 0.512630 0.803109 0.009229 0.015505
1 0.258344 0.835961 0.014089 0.041449
1 0.718836 0.544079 0.023802 0.069083
1 0.852418 0.825600 0.063633 0.075995
1 0.503783 0.196292 0.021346 0.034000
2 0.445109 0.566495 0.009229 0.015509
1 0.339579 0.471789 0.016753 0.026727
2 0.229437 0.554405 0.009229 0.015505
1 0.499520 0.517310 0.025258 0.032815
2 0.420336 0.902419 0.009229 0.015505
6 0.360861 0.255060 0.113242 0.204222
1 0.405760 0.401778 0.028214 0.054972
1 0.490625 0.428618 0.014750 0.029282
2 0.803594 0.893782 0.009229 0.015509
2 0.436367 0.663213 0.009229 0.015509
2 0.627753 0.905009 0.009229 0.015509
1 0.773969 0.374389 0.021375 0.042315
1 0.693424 0.220231 0.020563 0.036620
2 0.720044 0.993532 0.009229 0.012935
1 0.509126 0.311648 0.021982 0.031796
2 0.487857 0.956822 0.009229 0.015505
2 0.456283 0.895509 0.009232 0.015509
2 0.602979 0.886012 0.009229 0.015505
1 0.605898 0.354961 0.022344 0.037995
1 0.380268 0.291488 0.031573 0.056134
2 0.630430 0.992248 0.009229 0.015505
1 0.752605 0.283150 0.030065 0.045671
1 0.866747 0.413683 0.026229 0.056995
2 0.521372 0.984456 0.009229 0.015505
1 0.883992 0.330782 0.034490 0.062176
2 0.594721 0.739206 0.009229 0.015505
1 0.532426 0.263928 0.029076 0.036458
1 0.599398 0.223243 0.017870 0.026144
2 0.623867 0.892919 0.009229 0.015505
2 0.244982 0.592400 0.009229 0.015505
2 0.119172 0.549225 0.009229 0.015505
2 0.251294 0.503456 0.009229 0.015505
1 0.664012 0.036134 0.026721 0.038667
1 0.304837 0.309676 0.030930 0.041019
1 0.835960 0.185590 0.034565 0.042356
2 0.487857 0.815199 0.009229 0.015509
2 0.434909 0.879102 0.009229 0.015509
2 0.530117 0.838516 0.009229 0.015505
7 0.180861 0.079449 0.058945 0.072426
2 0.769591 0.948188 0.009229 0.015505
2 0.544690 0.854924 0.009229 0.015505
1 0.675236 0.169528 0.017685 0.032352
1 0.836388 0.729743 0.015057 0.067356
2 0.771049 0.977549 0.009229 0.015505
2 0.723932 0.915373 0.009229 0.015505
3 0.825458 0.685704 0.294365 0.310880
1 0.985027 0.173613 0.026716 0.056995
2 0.431995 0.553542 0.009229 0.015509
1 0.060158 0.938725 0.014086 0.041449
2 0.475714 0.629535 0.009229 0.015505
1 0.442512 0.491521 0.025810 0.040736
2 0.455310 0.943007 0.009229 0.015505
2 0.752104 0.930917 0.009229 0.015509
1 0.772997 0.462042 0.024286 0.041454
1 0.530083 0.043063 0.020505 0.033606
1 0.535599 0.465981 0.028849 0.042833
1 0.534008 0.509104 0.030115 0.044042
1 0.516483 0.591074 0.016305 0.027769
1 0.133991 0.313509 0.032544 0.034546
1 0.820359 0.061350 0.042260 0.056995
1 0.213448 0.894743 0.042339 0.061356
1 0.346264 0.700384 0.017003 0.046630
1 0.470375 0.533285 0.033031 0.044042
1 0.620714 0.628278 0.019917 0.042315
2 0.735589 0.918826 0.009229 0.015505
1 0.062344 0.470245 0.020401 0.035407
1 0.567055 0.570752 0.019776 0.036153
2 0.343102 0.654576 0.009229 0.015505
1 0.526470 0.743678 0.026201 0.047829
1 0.258587 0.316100 0.030117 0.043181
1 0.611486 0.109278 0.016029 0.049222
2 0.435880 0.540588 0.009229 0.015509
2 0.793880 0.908463 0.009229 0.015509
2 0.643297 0.822109 0.009229 0.015505
2 0.135687 0.541451 0.009229 0.015505
1 0.142007 0.579053 0.020404 0.044042
1 0.278259 0.402023 0.026716 0.038861
2 0.617066 0.940414 0.009232 0.015505
2 0.587922 0.754750 0.009229 0.015509
2 0.539346 0.994829 0.009229 0.010343
2 0.687013 0.960275 0.009229 0.015505
1 0.939853 0.586826 0.028659 0.057856
2 0.603951 0.817789 0.009229 0.015505
1 0.020568 0.850211 0.020401 0.050949
1 0.488215 0.734125 0.028951 0.062926
1 0.609620 0.449354 0.028937 0.044653
2 0.470854 0.765113 0.009229 0.015505
2 0.278005 0.453363 0.010187 0.020681
1 0.694203 0.152333 0.017349 0.032046
2 0.437823 0.563039 0.009229 0.015505
1 0.601189 0.538419 0.034034 0.039051
2 0.445109 0.718479 0.009229 0.015505
2 0.462596 0.651123 0.009229 0.015505
7 0.925986 0.430201 0.107508 0.094005
1 0.165809 0.484493 0.026232 0.041449
2 0.112370 0.789292 0.009229 0.015509
1 0.529974 0.594657 0.015917 0.031759
1 0.805785 0.732336 0.030602 0.075995
2 0.546146 0.936097 0.009229 0.015509
6 0.620378 0.448565 0.119281 0.288287
2 0.480570 0.917100 0.009229 0.015505
6 0.142030 0.433248 0.148320 0.344579
1 0.251299 0.432250 0.033031 0.035407
1 0.904150 0.858414 0.037888 0.051810
2 0.531573 0.860104 0.009229 0.015505
1 0.484193 0.055088 0.018479 0.034315
2 0.500487 0.844560 0.009229 0.015509
1 0.733986 0.035326 0.027992 0.044671
6 0.381487 0.679139 0.055495 0.253444
2 0.690901 0.744387 0.009229 0.015505
1 0.373370 0.504486 0.024333 0.035472
1 0.403421 0.109972 0.023258 0.040750
2 0.666612 0.913646 0.009229 0.015505
