2 0.09861328125000000389 0.36793287037037036846 0.02110156249999999359 0.02935648148148151809
2 0.50044921874999992450 0.79280787037037048215 0.02110156249999999359 0.04077314814814812088
2 0.30136718750000002220 0.29780092592592594114 0.01743229166666667926 0.02936111111111114336
2 0.78485286458333336501 0.24805555555555552916 0.02293489583333325685 0.03424999999999998185
2 0.92017447916666672558 0.95264351851851858388 0.03119270833333338475 0.05056481481481493040
2 0.36833854166666668561 0.95590740740740753889 0.03027604166666666291 0.04403703703703708977
2 0.50732942708333328419 0.58811805555555551894 0.02018489583333333073 0.02935648148148141401
2 0.22241536458333335813 0.43512731481481481399 0.02110156250000002134 0.04077314814814812088
2 0.66512760416666671937 0.46089814814814811239 0.02935937500000006251 0.05545370370370374113
2 0.68576953124999995293 0.63786342592592581990 0.02844010416666667776 0.03751388888888887441
2 0.81320572916666666874 0.56023842592592587586 0.02935937499999994454 0.03751388888888897849
2 0.71415624999999993694 0.70309722222222226229 0.03132291666666672109 0.05250925925925929022
