2 0.434665 0.313472 0.011388 0.019833
1 0.621661 0.486178 0.014573 0.020727
2 0.098040 0.988773 0.011388 0.019833
2 0.154387 0.792745 0.011388 0.019833
7 0.642401 0.102998 0.057281 0.057245
2 0.111155 0.867014 0.011388 0.019833
1 0.165542 0.202067 0.009714 0.018995
2 0.945676 0.784111 0.011388 0.019833
1 0.474965 0.585919 0.022346 0.025042
2 0.436611 0.973231 0.011388 0.019833
2 0.358889 0.606218 0.011388 0.019833
2 0.466241 0.475819 0.011388 0.019833
1 0.345434 0.406125 0.046633 0.052852
2 0.277770 0.468051 0.011388 0.019833
2 0.945191 0.613125 0.011388 0.019833
2 0.991337 0.901556 0.011388 0.019833
2 0.468668 0.539722 0.011388 0.019833
2 0.549790 0.437824 0.011388 0.019833
1 0.353303 0.510271 0.018070 0.041449
2 0.084926 0.954231 0.011388 0.019833
1 0.184484 0.204227 0.016516 0.037130
2 0.504129 0.910190 0.011388 0.019833
1 0.515059 0.855347 0.018654 0.037306
2 0.468184 0.568222 0.011388 0.019833
2 0.239395 0.696028 0.011388 0.019833
2 0.752348 0.562176 0.011388 0.019833
2 0.965592 0.637306 0.011388 0.019833
1 0.737757 0.973655 0.034003 0.047495
2 0.235993 0.484458 0.011388 0.019833
1 0.708867 0.421199 0.029870 0.039083
2 0.873785 0.720208 0.011388 0.019833
2 0.777608 0.559588 0.011388 0.019833
1 0.270823 0.699391 0.029146 0.021764
1 0.968974 0.522877 0.027203 0.044042
2 0.474499 0.804838 0.011388 0.019833
2 0.802382 0.638171 0.011388 0.019833
7 0.773551 0.058431 0.066602 0.073815
2 0.481298 0.945597 0.011388 0.019833
2 0.584277 0.628671 0.011388 0.019833
1 0.212173 0.227975 0.013602 0.034542
2 0.165561 0.749569 0.011388 0.019833
1 0.336983 0.678664 0.018070 0.034199
2 0.914103 0.905875 0.011388 0.019833
2 0.577478 0.324699 0.011388 0.019833
2 0.308371 0.925736 0.011388 0.019833
2 0.503645 0.537995 0.011388 0.019833
2 0.248137 0.645079 0.011388 0.019833
2 0.396293 0.951639 0.011388 0.019833
1 0.916757 0.661049 0.022831 0.035403
1 0.690639 0.968044 0.034003 0.034542
2 0.254939 0.645079 0.011388 0.019833
2 0.226764 0.911917 0.011388 0.019833
2 0.841241 0.664940 0.011388 0.019833
1 0.806733 0.504745 0.015544 0.045769
2 0.319059 0.582037 0.011388 0.019833
1 0.698896 0.885574 0.030115 0.082037
1 0.575272 0.247403 0.016029 0.038861
1 0.459188 0.375287 0.017656 0.031176
3 0.628359 0.185546 0.157812 0.130741
1 0.487572 0.192301 0.020180 0.032769
1 0.620914 0.618926 0.016292 0.031176
2 0.580392 0.595856 0.011388 0.019833
2 0.513845 0.943870 0.011388 0.019833
2 0.249111 0.624352 0.011388 0.019833
2 0.702801 0.510361 0.011388 0.019833
2 0.615366 0.894648 0.011388 0.019833
2 0.593993 0.575130 0.011388 0.019833
2 0.450210 0.955958 0.011388 0.019833
2 0.594478 0.620037 0.011388 0.019833
2 0.485671 0.441278 0.011388 0.019833
2 0.257368 0.463731 0.011388 0.019833
1 0.444720 0.215176 0.025320 0.047861
1 0.556199 0.533354 0.019148 0.032977
2 0.404551 0.728843 0.011388 0.019833
1 0.599074 0.216748 0.011174 0.015542
2 0.463811 0.982731 0.011388 0.019833
2 0.849012 0.596718 0.011388 0.019833
2 0.219965 0.990292 0.011388 0.019417
2 0.263197 0.466324 0.011388 0.019833
2 0.447783 0.869602 0.011388 0.019833
7 0.803280 0.342370 0.066602 0.073815
7 0.363564 0.173329 0.066602 0.073815
2 0.349660 0.737481 0.011388 0.019833
1 0.648378 0.513810 0.030115 0.055269
2 0.670603 0.866310 0.011388 0.019833
2 0.851441 0.710708 0.011388 0.019833
2 0.873301 0.748704 0.011388 0.019833
1 0.856766 0.923139 0.029146 0.041454
2 0.305457 0.993315 0.011388 0.013370
2 0.832012 0.772884 0.011388 0.019833
2 0.069382 0.706389 0.011388 0.019833
2 0.783921 0.556130 0.011388 0.019833
1 0.578697 0.646102 0.035638 0.039704
2 0.270967 0.621764 0.011388 0.019833
2 0.505100 0.326426 0.011388 0.019833
2 0.567762 0.575995 0.011388 0.019833
1 0.118423 0.678752 0.032060 0.037995
2 0.218507 0.888602 0.011388 0.019833
2 0.074238 0.930917 0.011388 0.019833
2 0.242796 0.484458 0.011388 0.019833
2 0.154387 0.727981 0.011388 0.019833
1 0.359113 0.327282 0.019914 0.019000
2 0.142243 0.879102 0.011388 0.019833
2 0.446811 0.970639 0.011388 0.019833
2 0.832983 0.713301 0.011388 0.019833
2 0.043637 0.715028 0.011388 0.019833
2 0.481298 0.759931 0.011388 0.019833
1 0.373443 0.277627 0.025260 0.037134
2 0.485184 0.785838 0.011388 0.019833
1 0.306409 0.294037 0.014573 0.026769
2 0.395806 0.630398 0.011388 0.019833
2 0.606621 0.908463 0.011388 0.019833
2 0.243767 0.630398 0.011388 0.019833
2 0.137871 0.962005 0.011388 0.019833
1 0.929875 0.351894 0.019906 0.026769
2 0.158275 0.765977 0.011388 0.019833
2 0.169447 0.939551 0.011388 0.019833
2 0.309829 0.591537 0.011388 0.019833
7 0.188906 0.439273 0.051458 0.064509
2 0.550275 0.450778 0.011388 0.019833
2 0.492470 0.290157 0.011388 0.019833
1 0.323410 0.548354 0.024289 0.039727
1 0.774917 0.962861 0.042260 0.050083
1 0.467397 0.640486 0.018388 0.031231
2 0.230165 0.713301 0.011388 0.019833
2 0.928676 0.770296 0.011388 0.019833
1 0.489051 0.101896 0.009716 0.020727
2 0.306428 0.947324 0.011388 0.019833
2 0.237936 0.546634 0.011388 0.019833
1 0.776372 0.784104 0.044203 0.037995
1 0.084878 0.739806 0.027979 0.065287
2 0.107757 0.760796 0.011388 0.019833
2 0.719803 0.477546 0.011388 0.019833
2 0.317600 0.601037 0.011388 0.019833
2 0.564848 0.789292 0.011388 0.019833
2 0.908759 0.990292 0.011388 0.019417
2 0.196650 0.569083 0.011388 0.019833
2 0.405522 0.761657 0.011388 0.019833
2 0.223366 0.761657 0.011388 0.019833
2 0.497814 0.763384 0.011388 0.019833
2 0.288454 0.597583 0.011388 0.019833
2 0.602736 0.373056 0.011388 0.019833
2 0.395322 0.805699 0.011388 0.019833
1 0.844621 0.430046 0.021372 0.044907
2 0.360832 0.734889 0.011388 0.019833
2 0.709603 0.469778 0.011388 0.019833
2 0.216079 0.754750 0.011388 0.019833
1 0.886397 0.386868 0.017487 0.037995
2 0.323915 0.598444 0.011388 0.019833
2 0.497329 0.563042 0.011388 0.019833
2 0.587191 0.388602 0.011388 0.019833
2 0.869900 0.547495 0.011388 0.019833
2 0.509473 0.911056 0.011388 0.019833
1 0.283859 0.367042 0.018427 0.033120
2 0.505100 0.300519 0.011388 0.019833
2 0.268540 0.610537 0.011388 0.019833
2 0.552217 0.396375 0.011388 0.019833
2 0.572621 0.601037 0.011388 0.019833
2 0.713001 0.520727 0.011388 0.019833
2 0.352090 0.723662 0.011388 0.019833
2 0.302543 0.607944 0.011388 0.019833
2 0.416207 0.958551 0.011388 0.019833
2 0.579421 0.451639 0.011388 0.019833
2 0.807723 0.552676 0.011388 0.019833
1 0.676814 0.421669 0.019237 0.042486
2 0.383663 0.643352 0.011388 0.019833
2 0.250082 0.677028 0.011388 0.019833
2 0.068410 0.873056 0.011388 0.019833
1 0.021049 0.598873 0.033224 0.042486
2 0.904874 0.900690 0.011388 0.019833
2 0.126215 0.956824 0.011388 0.019833
2 0.422038 0.706389 0.011388 0.019833
2 0.225309 0.480139 0.011388 0.019833
2 0.936934 0.745250 0.011388 0.019833
2 0.854842 0.695162 0.011388 0.019833
2 0.888358 0.946458 0.011388 0.019833
2 0.559020 0.602764 0.011388 0.019833
2 0.662970 0.457685 0.011388 0.019833
2 0.219478 0.874787 0.011388 0.019833
1 0.663436 0.233586 0.010685 0.025042
1 0.764249 0.374519 0.023898 0.060102
2 0.387548 0.300519 0.011388 0.019833
2 0.506559 0.936097 0.011388 0.019833
1 0.512467 0.668435 0.017430 0.033944
7 0.861855 0.275019 0.067174 0.069685
2 0.110184 0.960278 0.011388 0.019833
2 0.289428 0.618306 0.011388 0.019833
2 0.437582 0.518134 0.011388 0.019833
1 0.380991 0.786954 0.030310 0.037306
1 0.759129 0.874347 0.029143 0.050954
2 0.912647 0.925736 0.011388 0.019833
2 0.208793 0.467185 0.011388 0.019833
2 0.832496 0.606218 0.011388 0.019833
1 0.575953 0.292771 0.032661 0.043569
1 0.529922 0.410271 0.015740 0.030051
2 0.564848 0.360968 0.011388 0.019833
1 0.403911 0.166380 0.016344 0.028343
2 0.475954 0.437824 0.011388 0.019833
1 0.531671 0.921671 0.019237 0.051815
2 0.242796 0.661486 0.011388 0.019833
2 0.189363 0.575995 0.011388 0.019833
2 0.096585 0.849741 0.011388 0.019833
1 0.603660 0.438250 0.023315 0.040417
2 0.897103 0.991155 0.011388 0.017690
2 0.675113 0.803111 0.011388 0.019833
2 0.490043 0.571676 0.011388 0.019833
7 0.749072 0.137197 0.050284 0.059319
1 0.391658 0.241359 0.022831 0.025042
2 0.347230 0.691708 0.011388 0.019833
2 0.203449 0.968912 0.011388 0.019833
1 0.729741 0.525039 0.022831 0.037995
1 0.533497 0.631255 0.021859 0.025907
2 0.374918 0.364421 0.011388 0.019833
2 0.219478 0.955097 0.011388 0.019833
2 0.372975 0.728843 0.011388 0.019833
7 0.230868 0.372421 0.066602 0.073815
2 0.324887 0.730569 0.011388 0.019833
1 0.148539 0.161912 0.022344 0.031954
1 0.296762 0.864674 0.014570 0.033162
