2 0.25716666666666665453 0.92165972222222214416 0.01303124999999999076 0.02007870370370375829
2 0.61511718749999999556 0.77338657407407396249 0.01303124999999999076 0.02007870370370375829
2 0.46524479166666665719 0.90386805555555560510 0.01303124999999999076 0.02007870370370365420
2 0.71242447916666662433 0.91239583333333340587 0.01303124999999999076 0.02007870370370375829
2 0.58731510416666665719 0.94174074074074065610 0.01303124999999999076 0.02008333333333327947
2 0.89834895833333328063 0.97726620370370365087 0.01303124999999999076 0.02007870370370365420
2 0.49435156250000000799 0.88922453703703696615 0.01303124999999999076 0.02007870370370375829
2 0.53953125000000001776 0.72396064814814820032 0.01303125000000004974 0.02007870370370375829
2 0.66550781250000001776 0.82590046296296304451 0.01303124999999999076 0.02007870370370375829
2 0.71416145833333333215 0.66681250000000003020 0.01303124999999999076 0.02007870370370365420
2 0.66290104166666663499 0.87996064814814822785 0.01303124999999999076 0.02007870370370375829
2 0.83058203124999996358 0.36871064814814813460 0.01303385416666671438 0.02007870370370370625
2 0.82797526041666669183 0.70388194444444440734 0.01303385416666659642 0.02007870370370365420
2 0.52910416666666670871 0.60348379629629633758 0.01303125000000004974 0.02007870370370375829
