1 0.133126 0.641556 0.062029 0.085213
2 0.258577 0.521306 0.018461 0.030935
1 0.276922 0.052583 0.035245 0.045111
1 0.624773 0.298264 0.028906 0.051907
1 0.039023 0.635917 0.043000 0.056389
1 0.699900 0.234093 0.027299 0.043944
1 0.499868 0.087049 0.021039 0.042921
1 0.740034 0.306343 0.018328 0.051380
1 0.061932 0.351454 0.067667 0.066417
1 0.667783 0.664111 0.023263 0.030074
1 0.661439 0.457345 0.028898 0.052634
1 0.465161 0.108176 0.032693 0.053426
2 0.663829 0.372819 0.018461 0.030935
1 0.444335 0.494938 0.021852 0.035088
1 0.472764 0.195688 0.029258 0.051338
2 0.563790 0.438588 0.041013 0.050972
1 0.196212 0.718623 0.026081 0.068921
2 0.442553 0.531329 0.018461 0.030935
1 0.776687 0.687294 0.026786 0.063912
1 0.729460 0.449831 0.027451 0.058819
2 0.259280 0.724928 0.024096 0.037181
6 0.852635 0.247171 0.145729 0.337500
2 0.217694 0.562657 0.018461 0.030935
1 0.372788 0.650326 0.035242 0.065162
1 0.421072 0.184162 0.042997 0.057648
1 0.505659 0.585164 0.027490 0.050125
1 0.559230 0.232407 0.034539 0.048870
1 0.378427 0.946065 0.029604 0.077694
1 0.615268 0.468623 0.022557 0.045116
1 0.295004 0.265590 0.076898 0.121810
1 0.171714 0.604780 0.028750 0.068347
1 0.486979 0.725516 0.029604 0.057644
1 0.598124 0.590646 0.020289 0.041671
1 0.512299 0.201993 0.039604 0.057792
2 0.336819 0.627819 0.018461 0.030935
2 0.468634 0.428569 0.018461 0.030935
6 0.183891 0.438884 0.104354 0.229167
2 0.504878 0.234817 0.014328 0.022060
1 0.697036 0.466116 0.026786 0.070176
1 0.415434 0.296317 0.031721 0.048875
1 0.287143 0.122759 0.023260 0.040102
1 0.485217 0.288799 0.021852 0.028819
2 0.259986 0.552630 0.018461 0.030935
1 0.552885 0.134662 0.037359 0.066417
1 0.511578 0.641250 0.030318 0.060880
6 0.708116 0.123664 0.096482 0.240681
1 0.377422 0.073794 0.036953 0.057412
1 0.260007 0.107095 0.019737 0.033838
1 0.541134 0.632954 0.040477 0.081583
1 0.467548 0.527444 0.024216 0.052843
1 0.507773 0.534414 0.033130 0.053884
2 0.599741 0.720551 0.018461 0.030935
1 0.380542 0.395317 0.029604 0.046366
1 0.551854 0.556421 0.036740 0.076926
2 0.324132 0.627819 0.018461 0.030935
1 0.384771 0.467995 0.038062 0.073935
1 0.797482 0.426644 0.033130 0.061407
1 0.683995 0.287546 0.027490 0.048870
2 0.451715 0.382204 0.018461 0.030935
2 0.364309 0.293231 0.018461 0.030935
1 0.224057 0.160352 0.039474 0.087722
1 0.609982 0.169125 0.054276 0.090222
1 0.353755 0.399701 0.018328 0.042606
1 0.558173 0.072634 0.046523 0.060148
1 0.462309 0.638424 0.025378 0.046366
1 0.332257 0.066995 0.026081 0.048870
1 0.543018 0.288171 0.027490 0.045111
1 0.387590 0.833912 0.045112 0.056389
1 0.441514 0.782535 0.020440 0.053884
1 0.117970 0.409727 0.034539 0.077694
