1 0.488481 0.091207 0.019666 0.035158
6 0.736023 0.388263 0.090478 0.223927
1 0.574835 0.068637 0.021689 0.038367
1 0.743875 0.031722 0.024704 0.043278
6 0.877809 0.837333 0.145443 0.325334
1 0.529453 0.477587 0.021570 0.035975
6 0.825991 0.344812 0.077357 0.203415
5 0.901485 0.513011 0.158103 0.129415
1 0.771167 0.790177 0.097923 0.098370
6 0.609166 0.605657 0.055105 0.102579
1 0.587770 0.147137 0.019249 0.037126
2 0.524876 0.985093 0.020734 0.029814
1 0.536473 0.144588 0.017618 0.031677
1 0.544345 0.222731 0.019640 0.032246
1 0.534205 0.328571 0.015785 0.025552
2 0.131649 0.795099 0.023425 0.033846
1 0.370573 0.301620 0.019271 0.032870
1 0.429382 0.233489 0.019928 0.031392
6 0.326152 0.310968 0.029976 0.085802
1 0.528498 0.076809 0.015516 0.027015
1 0.496777 0.228397 0.023936 0.037810
1 0.283109 0.066785 0.017072 0.031247
1 0.531625 0.106885 0.014654 0.026829
1 0.579537 0.266105 0.018942 0.030326
1 0.326172 0.151620 0.019531 0.029167
1 0.356514 0.139312 0.017803 0.029270
1 0.777433 0.076957 0.031609 0.050900
1 0.467061 0.462859 0.014644 0.027281
1 0.648748 0.144699 0.037600 0.049976
6 0.285544 0.728183 0.046020 0.112345
1 0.841336 0.090805 0.026067 0.054543
1 0.407805 0.241186 0.013832 0.025693
1 0.466584 0.206200 0.020346 0.034289
1 0.693620 0.202546 0.016927 0.034722
6 0.617729 0.289834 0.054253 0.123184
1 0.484919 0.189132 0.017858 0.030763
