1 0.863252 0.285712 0.032965 0.058869
1 0.523836 0.225556 0.021610 0.041757
1 0.689666 0.195798 0.029744 0.063567
1 0.609010 0.034177 0.024475 0.046726
1 0.115382 0.150272 0.031701 0.075798
6 0.066971 0.229624 0.133765 0.328959
1 0.455317 0.135764 0.022336 0.039610
1 0.777825 0.607857 0.032829 0.062962
1 0.537736 0.077519 0.028169 0.060905
1 0.108984 0.640278 0.064323 0.085185
1 0.768327 0.745894 0.030455 0.059823
1 0.772182 0.300578 0.028195 0.054872
1 0.726555 0.406298 0.038062 0.065252
1 0.713434 0.531142 0.026478 0.045721
1 0.314271 0.511627 0.028574 0.051624
1 0.815453 0.175837 0.022813 0.042462
1 0.478797 0.336705 0.015951 0.027886
1 0.715573 0.059426 0.022618 0.040225
1 0.688998 0.040581 0.042526 0.064447
1 0.666055 0.428089 0.017742 0.031301
1 0.799753 0.031202 0.035831 0.053456
6 0.435082 0.657622 0.099765 0.278637
1 0.286606 0.069135 0.019051 0.039649
6 0.506743 0.825417 0.036048 0.130325
1 0.267668 0.086497 0.018126 0.032209
1 0.592721 0.288165 0.018648 0.034212
1 0.852121 0.174039 0.020411 0.035589
6 0.794608 0.738722 0.066848 0.238222
6 0.385319 0.443669 0.035644 0.109341
1 0.503636 0.339905 0.025142 0.042960
1 0.569694 0.150664 0.028329 0.056095
1 0.434873 0.501779 0.024142 0.043470
1 0.847627 0.030184 0.033948 0.052914
1 0.765208 0.297482 0.041510 0.058438
1 0.582321 0.534163 0.018961 0.039201
6 0.582847 0.491200 0.046879 0.130365
1 0.844761 0.353658 0.034591 0.060049
1 0.405050 0.040775 0.018285 0.032663
6 0.450482 0.311297 0.026539 0.082880
1 0.750916 0.594562 0.027766 0.050667
1 0.543882 0.243166 0.022585 0.038699
6 0.627582 0.339982 0.042529 0.109024
1 0.166631 0.631047 0.033299 0.070523
1 0.815896 0.016414 0.019704 0.032829
1 0.359635 0.471186 0.021786 0.043774
1 0.536466 0.651301 0.067675 0.069767
1 0.404335 0.319262 0.018695 0.035133
6 0.154948 0.524537 0.105208 0.305556
6 0.116223 0.903614 0.060557 0.192042
6 0.625078 0.332407 0.055554 0.127744
1 0.694384 0.268735 0.029089 0.050526
