2 0.56645703125000002043 0.21889120370370371282 0.02520572916666665580 0.03861574074074072827
2 0.62467578125000000622 0.24514814814814814281 0.02346093750000003905 0.03861111111111112382
2 0.81841666666666668117 0.82972685185185190981 0.03127604166666664298 0.05714814814814817012
2 0.47436979166666665142 0.60966203703703703010 0.02693229166666668423 0.03861111111111104749
2 0.45829427083333329485 0.82663888888888892303 0.02693229166666662525 0.03861111111111115157
2 0.73848697916666661278 0.95718750000000007994 0.02693229166666668423 0.03861574074074077684
2 0.65160677083333340409 0.66372222222222221344 0.02693229166666668423 0.03861111111111104749
2 0.63509895833333329662 0.48609953703703701056 0.02693229166666656627 0.03861574074074077684
2 0.67506510416666665186 0.72550462962962969371 0.02693229166666668423 0.03861111111111104749
2 0.26759374999999996358 0.31156481481481484996 0.02693229166666665647 0.03861111111111110300
2 0.18071223958333332282 0.44748379629629631005 0.02693489583333331938 0.03861574074074072827
2 0.75586458333333328419 0.26522685185185190804 0.02693229166666668423 0.03861111111111110300
2 0.58905208333333336501 0.55714814814814817012 0.02693229166666668423 0.03861111111111115157
2 0.77671614583333337123 0.58958333333333334814 0.02693229166666668423 0.03861111111111115157
