1 0.16907421875000000488 0.71354166666666662966 0.08934635416666665553 0.11884259259259251362
1 0.36828124999999994893 0.07644444444444443987 0.06948958333333331294 0.07059259259259259567
1 0.50891666666666668384 0.82296759259259255614 0.11647916666666671692 0.15648148148148147141
1 0.75610416666666668828 0.73296296296296303829 0.09860937499999995748 0.11059259259259264507
1 0.26106770833333331483 0.17880324074074074869 0.08537500000000000644 0.08235648148148150272
1 0.09131119791666666985 0.52706481481481481932 0.12045052083333332438 0.13883333333333339188
1 0.67271484375000012434 0.68472453703703706207 0.05096093750000001144 0.13412499999999991096
2 0.69554687500000000888 0.47941435185185188317 0.01985416666666661029 0.03647685185185188528
8 0.79084895833333324067 0.16998148148148145564 0.03706250000000003986 0.03412037037037036341
8 0.19323177083333334392 0.94768518518518518601 0.08603645833333332937 0.10000925925925935323
8 0.56351692708333323001 0.09703472222222223054 0.06287239583333328885 0.04353240740740740855
8 0.42254947916666668606 0.22586574074074075580 0.07610937499999999301 0.08471296296296297601
