8 0.505197 0.413876 0.142319 0.184586
8 0.793473 0.838502 0.139022 0.173727
8 0.275159 0.064869 0.047355 0.076937
8 0.842696 0.586086 0.065035 0.092414
8 0.039502 0.277050 0.076171 0.098770
1 0.706050 0.290799 0.026733 0.050248
6 0.345338 0.345555 0.141446 0.279843
1 0.345822 0.046436 0.051043 0.073470
1 0.685430 0.466577 0.069588 0.111420
1 0.557627 0.294850 0.028377 0.049084
1 0.747335 0.170644 0.049494 0.073960
1 0.517304 0.316500 0.027725 0.043431
1 0.412780 0.284610 0.024038 0.040289
6 0.593672 0.263983 0.096002 0.169588
6 0.958493 0.823426 0.083014 0.285466
8 0.650937 0.597763 0.056252 0.084490
1 0.089306 0.278747 0.028606 0.040402
1 0.628537 0.111071 0.040162 0.046897
1 0.581275 0.033393 0.043826 0.055866
1 0.537415 0.126567 0.037642 0.062435
2 0.404500 0.684213 0.016007 0.027209
2 0.255746 0.690118 0.014008 0.025485
1 0.511550 0.520996 0.042084 0.051044
1 0.580397 0.628774 0.029688 0.051190
8 0.628601 0.027194 0.022032 0.039855
