2 0.565333 0.775475 0.012630 0.024181
6 0.470887 0.448697 0.078023 0.186764
2 0.686771 0.563905 0.012630 0.024181
2 0.406008 0.687391 0.012630 0.024181
2 0.951021 0.437826 0.012630 0.024181
2 0.294771 0.196028 0.012630 0.024176
2 0.685315 0.106218 0.012630 0.024176
2 0.747005 0.824697 0.012630 0.024181
2 0.382691 0.597583 0.012628 0.024176
2 0.369091 0.094993 0.012630 0.024181
2 0.442439 0.167530 0.012628 0.024181
1 0.552199 0.262516 0.013602 0.041449
2 0.439039 0.937826 0.012630 0.024181
2 0.537160 0.721933 0.012628 0.024181
2 0.860185 0.316062 0.012630 0.024181
2 0.196648 0.690845 0.012630 0.024181
2 0.398234 0.913646 0.012630 0.024181
1 0.861827 0.852447 0.016904 0.060106
2 0.620224 0.656303 0.012630 0.024181
6 0.328193 0.349081 0.056203 0.156116
1 0.794794 0.937426 0.085682 0.116074
2 0.604193 0.953368 0.012630 0.024181
2 0.144187 0.215025 0.012630 0.024181
2 0.959763 0.172711 0.012630 0.024181
2 0.708145 0.058722 0.012628 0.024176
2 0.942276 0.607947 0.012630 0.024181
1 0.359948 0.531204 0.020401 0.051815
2 0.392892 0.683076 0.012628 0.024181
2 0.760120 0.479275 0.012630 0.024181
2 0.517245 0.519863 0.012630 0.024181
2 0.581849 0.222799 0.012630 0.024181
2 0.683857 0.013817 0.012630 0.024181
2 0.817439 0.523317 0.012628 0.024181
2 0.747977 0.583766 0.012630 0.024181
2 0.745062 0.410192 0.012630 0.024181
2 0.973365 0.234889 0.012630 0.024176
2 0.955878 0.266840 0.012630 0.024181
2 0.744091 0.033678 0.012630 0.024181
1 0.612677 0.077688 0.067839 0.059162
2 0.536189 0.143350 0.012628 0.024181
2 0.855328 0.380831 0.012630 0.024181
2 0.701344 0.766840 0.012630 0.024181
2 0.813066 0.274613 0.012628 0.024181
2 0.339945 0.490502 0.012630 0.024181
1 0.465431 0.483241 0.057924 0.105194
2 0.833954 0.507773 0.012628 0.024176
2 0.449724 0.582039 0.012630 0.024181
2 0.737289 0.862694 0.012630 0.024176
2 0.445839 0.909326 0.012630 0.024181
2 0.737289 0.373058 0.012630 0.024181
2 0.700372 0.650259 0.012630 0.024176
2 0.836383 0.521590 0.012630 0.024181
2 0.626052 0.905009 0.012630 0.024176
2 0.612452 0.911919 0.012628 0.024181
2 0.727089 0.050086 0.012630 0.024181
2 0.519673 0.571676 0.012628 0.024176
2 0.340917 0.786701 0.012630 0.024181
6 0.268891 0.659542 0.086849 0.161574
1 0.748161 0.254519 0.027396 0.039380
2 0.523560 0.322970 0.012630 0.024181
2 0.718831 0.588947 0.012630 0.024181
2 0.414750 0.071676 0.012630 0.024176
2 0.389492 0.633854 0.012630 0.024181
2 0.478870 0.160623 0.012630 0.024181
2 0.557057 0.979271 0.012630 0.024181
2 0.694544 0.379965 0.012630 0.024181
2 0.152445 0.405873 0.012630 0.024181
1 0.270710 0.684984 0.060997 0.085218
2 0.815982 0.554405 0.012630 0.024181
2 0.595936 0.912780 0.012628 0.024181
2 0.525503 0.731433 0.012630 0.024181
2 0.876215 0.187391 0.012628 0.024181
1 0.787507 0.112551 0.023315 0.051815
2 0.729518 0.772021 0.012630 0.024181
2 0.724174 0.302248 0.012630 0.024181
2 0.839784 0.249567 0.012630 0.024181
2 0.550276 0.941280 0.012630 0.024181
2 0.527931 0.546632 0.012628 0.024181
2 0.739233 0.563039 0.012628 0.024181
2 0.647911 0.141623 0.012630 0.024181
2 0.602737 0.601037 0.012630 0.024176
2 0.827154 0.288428 0.012630 0.024181
2 0.454582 0.591537 0.012628 0.024176
2 0.432724 0.170984 0.012630 0.024181
2 0.338974 0.078586 0.012630 0.024181
2 0.515786 0.584627 0.012630 0.024181
2 0.765949 0.412780 0.012628 0.024181
2 0.355490 0.190845 0.012630 0.024181
2 0.613909 0.663213 0.012630 0.024176
6 0.576406 0.534454 0.061615 0.330213
6 0.427443 0.162715 0.061984 0.183421
2 0.092698 0.523317 0.012630 0.024181
2 0.502186 0.112262 0.012628 0.024181
2 0.418637 0.506910 0.012628 0.024181
1 0.643530 0.779391 0.061789 0.168912
2 0.729031 0.509500 0.012630 0.024176
2 0.409408 0.099310 0.012628 0.024176
2 0.881073 0.237479 0.012630 0.024181
2 0.434181 0.654576 0.012628 0.024181
2 0.359375 0.773748 0.012630 0.024181
2 0.797523 0.557859 0.012630 0.024181
2 0.514331 0.562176 0.012630 0.024176
2 0.694544 0.466322 0.012630 0.024181
2 0.758177 0.373921 0.012630 0.024176
3 0.388802 0.115660 0.118911 0.159588
1 0.538316 0.665400 0.040221 0.067356
2 0.411836 0.699484 0.012630 0.024181
2 0.674608 0.387731 0.026232 0.065630
2 0.487837 0.316056 0.019914 0.055269
2 0.699401 0.271160 0.012630 0.024181
2 0.385607 0.563905 0.012630 0.024181
2 0.490042 0.171850 0.012630 0.024181
2 0.517245 0.987049 0.012630 0.024181
2 0.465268 0.715025 0.012630 0.024181
2 0.207820 0.223662 0.012630 0.024176
2 0.512387 0.930053 0.012628 0.024181
2 0.068896 0.462868 0.012630 0.024181
2 0.419122 0.100174 0.012630 0.024181
2 0.838326 0.491363 0.012630 0.024181
2 0.094641 0.313472 0.012630 0.024176
2 0.798980 0.367877 0.012628 0.024181
2 0.781008 0.462002 0.012630 0.024181
2 0.946163 0.228843 0.012628 0.024176
2 0.439039 0.479275 0.012630 0.024181
2 0.687742 0.023317 0.012630 0.024181
2 0.170904 0.621762 0.012630 0.024181
2 0.413779 0.181347 0.012630 0.024176
2 0.471098 0.682211 0.012628 0.024181
2 0.535703 0.990500 0.012630 0.019000
2 0.477413 0.704664 0.012628 0.024181
2 0.423495 0.988773 0.012630 0.022454
2 0.630424 0.623488 0.012630 0.024181
6 0.244539 0.443030 0.112557 0.393866
1 0.428661 0.273544 0.049708 0.055227
2 0.514815 0.941280 0.012630 0.024181
2 0.543474 0.042315 0.012630 0.024176
2 0.917018 0.197757 0.012630 0.024181
2 0.807237 0.397238 0.012630 0.024181
2 0.408922 0.675303 0.012630 0.024181
2 0.134958 0.170984 0.012630 0.024181
2 0.384634 0.632125 0.012628 0.024176
2 0.729518 0.896373 0.012630 0.024181
1 0.503926 0.603225 0.025065 0.034199
1 0.649066 0.283535 0.053044 0.060106
2 0.740204 0.601900 0.012628 0.024181
2 0.263682 0.854924 0.012630 0.024181
2 0.994697 0.243525 0.010607 0.024181
2 0.853870 0.417961 0.012630 0.024181
2 0.391435 0.052678 0.012630 0.024181
1 0.829466 0.617368 0.101641 0.125356
2 0.425438 0.652850 0.012630 0.024181
2 0.847069 0.801382 0.012628 0.024181
2 0.846098 0.333336 0.012628 0.024181
2 0.818410 0.419690 0.012628 0.024176
2 0.812095 0.345424 0.012628 0.024181
2 0.287484 0.835924 0.012630 0.024181
2 0.894673 0.290155 0.012628 0.024181
2 0.757690 0.753023 0.012630 0.024176
