1 0.546542 0.469250 0.031719 0.043861
2 0.104206 0.582706 0.013281 0.022227
2 0.480617 0.790729 0.013281 0.022227
2 0.430568 0.798248 0.013281 0.022227
9 0.500023 0.943569 0.051464 0.085194
2 0.605380 0.867169 0.013281 0.022227
6 0.506966 0.128109 0.107682 0.244782
2 0.446076 0.906016 0.013281 0.022227
1 0.262473 0.311354 0.013393 0.028819
2 0.867599 0.703007 0.013281 0.022227
1 0.806294 0.063861 0.056391 0.037593
1 0.426711 0.688549 0.016214 0.033838
2 0.560974 0.578947 0.013281 0.022227
6 0.837009 0.224273 0.138310 0.395731
1 0.389353 0.459852 0.013393 0.025065
2 0.166237 0.251882 0.013281 0.022227
1 0.575443 0.457345 0.026083 0.070171
1 0.350585 0.558850 0.021852 0.032579
2 0.446229 0.631859 0.013281 0.022227
2 0.691378 0.753132 0.013281 0.022227
1 0.654038 0.054463 0.014096 0.058898
2 0.500354 0.832081 0.013281 0.022227
2 0.723096 0.703007 0.013281 0.022227
2 0.718164 0.938595 0.013281 0.022227
1 0.652276 0.877144 0.023260 0.047620
7 0.347764 0.360227 0.081060 0.099000
1 0.514806 0.241019 0.021898 0.046204
2 0.595513 0.595238 0.013281 0.022227
1 0.498611 0.781280 0.017622 0.043856
2 0.620185 0.690475 0.013281 0.022227
2 0.324130 0.907266 0.013281 0.022227
2 0.639216 0.878447 0.013281 0.022227
2 0.059094 0.283206 0.013281 0.022227
1 0.574385 0.343935 0.026786 0.048870
2 0.572956 0.557646 0.013281 0.022227
2 0.094339 0.210525 0.013281 0.022227
2 0.625823 0.952382 0.013281 0.022227
1 0.652026 0.508544 0.042573 0.064134
1 0.873257 0.451079 0.023966 0.055139
2 0.254346 0.692984 0.013281 0.022227
2 0.059094 0.870928 0.013281 0.022227
2 0.143680 0.246868 0.013281 0.022227
2 0.132401 0.803257 0.013281 0.022227
2 0.539122 0.607771 0.013281 0.022227
2 0.453125 0.907266 0.013281 0.022227
2 0.403078 0.716794 0.013281 0.022227
2 0.723096 0.724312 0.013281 0.022227
2 0.369245 0.785715 0.013281 0.022227
2 0.206414 0.753132 0.013281 0.022227
1 0.457374 0.625891 0.028195 0.046366
2 0.412948 0.921053 0.013281 0.022227
2 0.398143 0.903507 0.013281 0.022227
2 0.258576 0.241854 0.013281 0.022227
9 0.291727 0.844563 0.016917 0.052634
2 0.146500 0.593984 0.013281 0.022227
1 0.451620 0.202618 0.057979 0.056347
2 0.064732 0.784461 0.013281 0.022227
2 0.114779 0.204262 0.013281 0.022227
1 0.651923 0.929775 0.025378 0.045116
2 0.568727 0.576442 0.013281 0.022227
2 0.175401 0.174187 0.013281 0.022227
1 0.599056 0.490553 0.023966 0.041356
1 0.853521 0.837044 0.025375 0.072681
1 0.374551 0.679778 0.021852 0.058898
2 0.577891 0.699248 0.013281 0.022227
7 0.406124 0.073880 0.061815 0.073806
2 0.566612 0.597743 0.013281 0.022227
2 0.193023 0.739350 0.013281 0.022227
2 0.345982 0.898498 0.013281 0.022227
2 0.357260 0.893484 0.013281 0.022227
1 0.898496 0.439049 0.028471 0.061708
2 0.040766 0.314535 0.013281 0.022227
2 0.197956 0.590225 0.013281 0.022227
2 0.425635 0.984961 0.013281 0.022227
2 0.572253 0.563910 0.013281 0.022227
1 0.279389 0.041303 0.026081 0.042606
2 0.422109 0.904762 0.013281 0.022227
1 0.683995 0.855843 0.020443 0.062657
