0 0.39486458333333335213 0.69921527777777769952 0.08949999999999995459 0.13592129629629626231
0 0.40225651041666665719 0.79652083333333323356 0.02953906250000001496 0.04016203703703703776
0 0.37532421874999999378 0.77258101851851856967 0.01563802083333332149 0.03552314814814815785
8 0.46785156249999998446 0.91776851851851859454 0.11207812500000002842 0.15290740740740740855
8 0.87706119791666670160 0.63202777777777785495 0.04430989583333323767 0.06641666666666667940
8 0.11945963541666665408 0.09297685185185183832 0.09470052083333332926 0.11584259259259259423
8 0.72067578124999998046 0.79574768518518523841 0.05125781249999997874 0.11275462962962960745
8 0.42918359375000003642 0.28450231481481480511 0.03647656249999998296 0.05715277777777779539
8 0.25846874999999996936 0.31307638888888883466 0.03388541666666664010 0.07413425925925926085
8 0.75933723958333332327 0.31771064814814820032 0.05908072916666663732 0.15445833333333333637
