8 0.041453 0.334194 0.032250 0.048093
2 0.576749 0.765113 0.015049 0.027634
8 0.990460 0.655454 0.019081 0.078259
8 0.609049 0.556123 0.032490 0.038495
1 0.748953 0.505220 0.064604 0.110532
8 0.688475 0.449051 0.026169 0.055787
1 0.892492 0.145979 0.033031 0.055264
6 0.422854 0.477100 0.100385 0.354875
1 0.670504 0.501333 0.034003 0.042315
1 0.496848 0.477586 0.024773 0.081171
2 0.294040 0.867012 0.015049 0.027634
8 0.595440 0.638387 0.170667 0.240394
2 0.517488 0.954234 0.015049 0.027634
2 0.468193 0.975859 0.015052 0.027634
8 0.405758 0.497847 0.027130 0.068750
1 0.616828 0.495720 0.029630 0.060449
8 0.980328 0.921299 0.039146 0.104264
8 0.566495 0.095317 0.058469 0.082088
2 0.287728 0.573405 0.015049 0.027634
2 0.526230 0.930914 0.015049 0.027634
8 0.882777 0.533259 0.021320 0.040241
1 0.175036 0.553581 0.051490 0.057005
8 0.758316 0.922086 0.066971 0.110171
2 0.269754 0.615715 0.015049 0.027634
2 0.623866 0.818655 0.015049 0.027634
1 0.817686 0.834234 0.028174 0.046634
2 0.300355 0.978410 0.015049 0.027634
1 0.638444 0.194338 0.040805 0.077722
1 0.434665 0.133461 0.099591 0.101042
1 0.911923 0.304009 0.034003 0.084630
2 0.274611 0.639035 0.015049 0.027634
1 0.744339 0.201248 0.025260 0.031088
2 0.319301 0.861831 0.015049 0.027634
8 0.105251 0.378766 0.066164 0.078208
1 0.512878 0.167137 0.034490 0.080310
8 0.074727 0.342829 0.029818 0.049806
2 0.569949 0.829877 0.015049 0.027634
2 0.610751 0.776340 0.015049 0.027634
2 0.546147 0.850604 0.015049 0.027634
8 0.353454 0.118111 0.057508 0.082639
8 0.487208 0.016766 0.051396 0.033532
1 0.935724 0.234063 0.056349 0.048356
1 0.254215 0.128275 0.035945 0.087218
1 0.799957 0.176204 0.034487 0.077722
2 0.531087 0.802248 0.015049 0.027634
2 0.651069 0.775475 0.015049 0.027634
