2 0.464055 0.564769 0.015068 0.027657
1 0.382568 0.056088 0.065958 0.065046
1 0.755268 0.267310 0.081120 0.097583
2 0.209035 0.798792 0.015065 0.027657
2 0.171398 0.671032 0.015068 0.027657
2 0.215836 0.708981 0.015068 0.027657
1 0.539757 0.278167 0.026883 0.047194
1 0.697882 0.273243 0.029596 0.059542
1 0.747456 0.139512 0.064271 0.092356
1 0.903178 0.516877 0.028174 0.052681
2 0.251781 0.804838 0.015068 0.027657
6 0.965755 0.822069 0.065573 0.338583
2 0.507286 0.822106 0.015068 0.027657
1 0.598839 0.332664 0.090651 0.153699
2 0.397992 0.150259 0.015068 0.027657
2 0.822539 0.677030 0.015068 0.027653
1 0.528402 0.103470 0.039451 0.063153
1 0.668076 0.830350 0.026229 0.056134
1 0.156094 0.043648 0.057318 0.078583
2 0.614151 0.765977 0.015068 0.027657
1 0.343350 0.802715 0.029633 0.052681
2 0.403336 0.555269 0.015068 0.027657
2 0.221664 0.762521 0.015068 0.027653
2 0.184262 0.863558 0.015065 0.027653
2 0.143944 0.079449 0.015065 0.027657
8 0.484473 0.409220 0.141180 0.191875
2 0.200292 0.850604 0.015068 0.027653
1 0.818659 0.140799 0.022344 0.039727
2 0.464540 0.244387 0.015065 0.027653
2 0.212922 0.657167 0.015068 0.027657
6 0.318223 0.341780 0.148138 0.194125
8 0.631264 0.619509 0.061346 0.101463
2 0.425194 0.189984 0.015065 0.027653
2 0.445596 0.271157 0.015068 0.027657
2 0.536917 0.515544 0.015068 0.027653
2 0.140544 0.583766 0.015068 0.027653
8 0.025833 0.278681 0.051667 0.101806
8 0.837357 0.595505 0.066130 0.096185
2 0.380020 0.569949 0.015065 0.027657
2 0.515059 0.552678 0.015065 0.027653
8 0.259948 0.046053 0.057057 0.076551
1 0.612699 0.844597 0.029143 0.058722
2 0.248867 0.854924 0.015068 0.027653
1 0.805785 0.089847 0.036430 0.062176
1 0.668318 0.048829 0.032547 0.049222
1 0.318609 0.032229 0.055130 0.064014
1 0.837359 0.498743 0.056833 0.097579
8 0.866260 0.037565 0.042896 0.040148
2 0.241094 0.795338 0.015068 0.027657
1 0.674971 0.458697 0.073286 0.107866
1 0.321249 0.966359 0.043716 0.055264
8 0.781262 0.867387 0.137008 0.164394
2 0.315901 0.764250 0.015068 0.027657
2 0.428109 0.550088 0.015068 0.027657
2 0.248867 0.837653 0.015068 0.027657
2 0.410135 0.280657 0.015068 0.027657
1 0.793400 0.685704 0.039831 0.091537
1 0.323099 0.496815 0.121719 0.150722
2 0.264896 0.715889 0.015068 0.027657
2 0.170174 0.581176 0.015068 0.027657
1 0.962198 0.301852 0.035458 0.104491
1 0.919695 0.153750 0.036917 0.055269
