1 0.611745 0.741806 0.053573 0.067667
1 0.213130 0.915993 0.033130 0.042606
1 0.332257 0.614613 0.042997 0.066412
1 0.668831 0.651412 0.027932 0.065139
6 0.775014 0.128454 0.079570 0.234926
1 0.788289 0.435394 0.034005 0.045731
1 0.279389 0.964238 0.030310 0.061403
7 0.401280 0.330565 0.045174 0.047398
1 0.625815 0.257197 0.020385 0.031144
1 0.381599 0.976769 0.031719 0.026315
1 0.239564 0.902208 0.022555 0.030074
2 0.354441 0.746866 0.011284 0.022556
1 0.521115 0.745905 0.024823 0.035384
2 0.368539 0.774435 0.011281 0.022556
1 0.507661 0.721056 0.017974 0.042648
1 0.704551 0.595083 0.025169 0.042454
2 0.790767 0.520051 0.016211 0.026315
1 0.561698 0.814488 0.025375 0.067671
1 0.697035 0.939801 0.036654 0.075185
1 0.860570 0.340178 0.022557 0.038847
1 0.933634 0.139095 0.064779 0.087708
2 0.470747 0.337093 0.016214 0.026315
2 0.305099 0.764412 0.016214 0.026315
1 0.264587 0.861479 0.026081 0.078949
1 0.400268 0.254958 0.024474 0.030046
2 0.371358 0.614037 0.011284 0.022556
1 0.672954 0.134100 0.028529 0.041051
1 0.593064 0.811356 0.026081 0.058898
1 0.490816 0.862625 0.019539 0.034704
1 0.391820 0.720502 0.025375 0.042606
1 0.525318 0.654435 0.019589 0.035481
1 0.454202 0.761229 0.030310 0.076440
6 0.596434 0.538910 0.088654 0.337931
1 0.411423 0.976847 0.030190 0.046306
1 0.652188 0.491813 0.021344 0.030949
2 0.938460 0.917870 0.016211 0.026315
1 0.545022 0.494896 0.037867 0.036662
2 0.483435 0.330829 0.016214 0.026315
1 0.194803 0.966745 0.040180 0.058898
1 0.538086 0.732539 0.016984 0.034144
2 0.501763 0.464912 0.016214 0.026315
1 0.363977 0.785039 0.016214 0.048875
2 0.564853 0.961778 0.011284 0.022556
1 0.520121 0.648569 0.015143 0.030694
1 0.500585 0.721562 0.030164 0.047625
1 0.537326 0.492683 0.020693 0.034412
1 0.833078 0.815116 0.035245 0.051380
2 0.912008 0.991553 0.016214 0.016894
1 0.825896 0.326019 0.029922 0.049444
1 0.040434 0.522509 0.027492 0.052630
2 0.645918 0.907264 0.011289 0.023806
2 0.937384 0.827069 0.011284 0.022556
1 0.539810 0.342694 0.013104 0.029574
1 0.693863 0.732407 0.086701 0.093981
1 0.760624 0.071977 0.020674 0.038111
1 0.305118 0.785667 0.023966 0.062657
1 0.438197 0.873407 0.024966 0.049102
1 0.479293 0.463850 0.023023 0.034551
1 0.580543 0.177748 0.016940 0.028486
1 0.615974 0.892183 0.052161 0.065162
1 0.556590 0.728581 0.017773 0.028162
6 0.724723 0.270306 0.058560 0.151139
1 0.121848 0.734914 0.022555 0.078949
1 0.603908 0.307164 0.020091 0.029440
2 0.847158 0.507519 0.011284 0.022556
1 0.823562 0.587044 0.024672 0.048875
1 0.159911 0.632157 0.040885 0.051380
2 0.472863 0.596491 0.011284 0.022556
2 0.824600 0.481204 0.011284 0.022556
1 0.549421 0.681623 0.017102 0.027394
1 0.425654 0.917873 0.038062 0.053884
1 0.559698 0.499847 0.016750 0.028361
1 0.660129 0.842741 0.034497 0.052824
1 0.390057 0.924137 0.033130 0.078949
1 0.455979 0.581389 0.015167 0.028833
2 0.868303 0.932331 0.016211 0.026319
1 0.636708 0.624683 0.017406 0.035403
1 0.767486 0.043301 0.025872 0.040065
1 0.442220 0.820127 0.034539 0.053884
2 0.984611 0.874688 0.016211 0.026319
9 0.160958 0.042053 0.074417 0.084106
2 0.828126 0.795741 0.011284 0.022556
6 0.973647 0.289176 0.052706 0.196222
1 0.406061 0.868627 0.019773 0.038921
1 0.724361 0.310810 0.033956 0.044093
1 0.404298 0.805139 0.019294 0.039333
1 0.426815 0.361972 0.017068 0.029491
