1 0.53475781249999998490 0.16408564814814816102 0.06856770833333332427 0.07110648148148149272
1 0.32354817708333338810 0.94516666666666659946 0.07305468749999999289 0.09795370370370366786
1 0.44333463541666667806 0.67851851851851852082 0.01632552083333334639 0.03627777777777772827
1 0.75698828125000006128 0.58673379629629629495 0.07060677083333335990 0.07328240740740739334
1 0.52965625000000005063 0.34584259259259259034 0.02734375000000000000 0.03120370370370369184
1 0.46843489583333330906 0.87152083333333341120 0.12856250000000002398 0.14076388888888885509
1 0.32824088541666668339 0.48696527777777781631 0.03917968750000001138 0.04498611111111114336
8 0.18005208333333333481 0.23319675925925925641 0.05013020833333333565 0.11140277777777778112
8 0.78331249999999996714 0.41078240740740740167 0.04734375000000004552 0.05224074074074075424
8 0.46251822916666668339 0.42710648148148144809 0.03754687500000001427 0.05732407407407409672
9 0.14542187500000000600 0.57444444444444442421 0.06794270833333332371 0.17707407407407407818
