6 0.737560 0.576452 0.099502 0.274277
7 0.084469 0.248417 0.163035 0.169433
1 0.626716 0.090082 0.025478 0.050254
1 0.267419 0.042874 0.032947 0.062638
1 0.547535 0.480577 0.037000 0.074871
1 0.455964 0.268012 0.019263 0.039354
6 0.042133 0.902200 0.084266 0.195600
1 0.563898 0.262261 0.021222 0.045393
1 0.781072 0.252387 0.039005 0.069537
1 0.554249 0.036814 0.017085 0.030459
1 0.247019 0.115754 0.022637 0.045274
1 0.657633 0.041062 0.026793 0.042403
1 0.400160 0.105676 0.029208 0.050402
1 0.517096 0.471183 0.018213 0.034827
1 0.316510 0.031901 0.017833 0.030758
1 0.028160 0.129405 0.049660 0.065488
1 0.879409 0.255073 0.032899 0.049129
1 0.293376 0.158748 0.017760 0.038051
6 0.582347 0.294651 0.061873 0.153041
1 0.273403 0.164634 0.021633 0.039822
