8 0.416492 0.194379 0.067099 0.075938
8 0.616301 0.645237 0.067891 0.125131
8 0.456379 0.517049 0.047925 0.064611
8 0.376407 0.034959 0.026983 0.047832
8 0.334865 0.786833 0.067985 0.093579
1 0.629036 0.338889 0.073698 0.094444
1 0.555229 0.177447 0.040759 0.055844
6 0.235026 0.424769 0.057031 0.198611
1 0.451679 0.359995 0.035814 0.055745
1 0.385735 0.129994 0.037269 0.055588
1 0.731532 0.793625 0.098691 0.118114
1 0.460749 0.769149 0.065043 0.070249
1 0.538166 0.017708 0.039590 0.035415
1 0.456120 0.644444 0.084115 0.087963
8 0.926235 0.068666 0.027306 0.043682
8 0.547121 0.721779 0.040935 0.066130
1 0.556510 0.252315 0.045833 0.050000
1 0.509549 0.336048 0.030501 0.046385
1 0.654258 0.029398 0.036744 0.054541
