2 0.486410 0.265285 0.009992 0.018616
2 0.640297 0.892229 0.009995 0.018616
2 0.625142 0.863213 0.009992 0.018611
2 0.651372 0.380312 0.009995 0.018616
2 0.436863 0.305699 0.009992 0.018611
6 0.423191 0.557769 0.073685 0.141713
2 0.372746 0.559586 0.009992 0.018616
2 0.688678 0.945079 0.009992 0.018611
7 0.255582 0.533678 0.080440 0.091190
2 0.549363 0.693264 0.009992 0.018611
2 0.551113 0.376167 0.009992 0.018611
2 0.523717 0.884975 0.009992 0.018616
2 0.612319 0.549222 0.009992 0.018611
2 0.084210 0.636269 0.009992 0.018611
2 0.379158 0.089120 0.009992 0.018611
2 0.505647 0.843523 0.009992 0.018611
7 0.520803 0.568912 0.080440 0.091194
7 0.760984 0.410375 0.080443 0.091194
2 0.576178 0.308808 0.009992 0.018616
1 0.430479 0.636280 0.019818 0.020727
2 0.573264 0.213472 0.009992 0.018611
2 0.502733 0.904664 0.009992 0.018616
2 0.639132 0.538861 0.009992 0.018611
2 0.420543 0.100519 0.009992 0.018611
2 0.854223 0.703627 0.009992 0.018616
2 0.582590 0.508808 0.009992 0.018616
2 0.543535 0.772021 0.009992 0.018616
2 0.552280 0.323317 0.009992 0.018616
2 0.490495 0.674613 0.010000 0.018616
2 0.425207 0.409326 0.009992 0.018616
2 0.716658 0.956477 0.009992 0.018611
2 0.514391 0.671502 0.009995 0.018616
1 0.303991 0.640426 0.024482 0.041454
2 0.416462 0.317100 0.009992 0.018616
2 0.587835 0.471502 0.009992 0.018616
2 0.433366 0.364766 0.009992 0.018616
2 0.704415 0.616581 0.009992 0.018616
2 0.773199 0.298444 0.009992 0.018611
2 0.554027 0.814509 0.009992 0.018611
1 0.383848 0.439907 0.024482 0.034194
2 0.438613 0.324352 0.009992 0.018611
1 0.277176 0.764259 0.024482 0.038343
2 0.550299 0.848947 0.009995 0.018616
2 0.407720 0.419690 0.009992 0.018611
2 0.487577 0.746116 0.009992 0.018611
2 0.633303 0.894301 0.009992 0.018611
7 0.341246 0.362486 0.092128 0.116231
2 0.229934 0.201037 0.009992 0.018611
2 0.565686 0.850778 0.009992 0.018611
2 0.556941 0.924352 0.009992 0.018611
2 0.590751 0.248706 0.009992 0.018616
2 0.590751 0.940933 0.009992 0.018616
1 0.246283 0.891204 0.018654 0.041454
1 0.156224 0.326956 0.036724 0.042486
2 0.368665 0.824870 0.009992 0.018611
3 0.238099 0.641991 0.205208 0.185463
2 0.315038 0.252850 0.009992 0.018616
2 0.232266 0.182384 0.009995 0.018611
2 0.112189 0.651815 0.009992 0.018611
2 0.435116 0.411400 0.009992 0.018616
2 0.626307 0.659067 0.009995 0.018616
2 0.551697 0.759586 0.009992 0.018616
2 0.777862 0.559586 0.009995 0.018616
2 0.446775 0.054924 0.009992 0.018616
2 0.216517 0.271843 0.022711 0.032065
7 0.141596 0.463132 0.102885 0.120310
2 0.302215 0.661139 0.009992 0.018611
2 0.603574 0.499481 0.009992 0.018611
2 0.099947 0.783421 0.009992 0.018611
2 0.442576 0.683063 0.026661 0.032625
3 0.631728 0.366005 0.145154 0.161694
1 0.976076 0.713484 0.023318 0.094301
2 0.495738 0.863213 0.009992 0.018611
2 0.390815 0.095338 0.009995 0.018611
2 0.528379 0.227979 0.009992 0.018616
2 0.549947 0.863213 0.009992 0.018611
1 0.328471 0.730062 0.015156 0.032125
2 0.094702 0.758549 0.009992 0.018616
7 0.445319 0.195345 0.050716 0.050792
2 0.843730 0.704664 0.009992 0.018616
2 0.643794 0.927461 0.009995 0.018616
2 0.570348 0.676685 0.009992 0.018611
2 0.538872 0.674611 0.009995 0.018611
2 0.577926 0.806218 0.009992 0.018611
2 0.426372 0.081866 0.009995 0.018611
2 0.098781 0.656995 0.009995 0.018611
2 0.422293 0.431088 0.009992 0.018611
2 0.677603 0.449741 0.009992 0.018611
2 0.656035 0.991720 0.009992 0.016560
1 0.237249 0.949752 0.025065 0.046634
2 0.379158 0.852850 0.009992 0.018616
2 0.614066 0.836269 0.009992 0.018611
2 0.634467 0.690155 0.009992 0.018616
2 0.619895 0.625907 0.009992 0.018611
2 0.293470 0.921243 0.009992 0.018616
2 0.355259 0.766840 0.009992 0.018616
2 0.862965 0.553368 0.009992 0.018616
1 0.408329 0.614519 0.016320 0.037306
2 0.520220 0.707773 0.009992 0.018611
2 0.653121 0.961657 0.009992 0.018611
2 0.558108 0.292229 0.009992 0.018616
2 0.261410 0.847669 0.009992 0.018616
2 0.583173 0.661139 0.009992 0.018611
2 0.625725 0.800000 0.009992 0.018611
2 0.363418 0.845597 0.009992 0.018611
2 0.250335 0.141970 0.009992 0.018616
2 0.603574 0.551296 0.009992 0.018611
2 0.425207 0.934715 0.009992 0.018616
2 0.576762 0.463213 0.009992 0.018611
2 0.583173 0.219690 0.009992 0.018611
3 0.943775 0.158674 0.110299 0.130495
2 0.534210 0.785493 0.009992 0.018616
2 0.462512 0.322280 0.009992 0.018616
2 0.312707 0.858032 0.009992 0.018611
7 0.523428 0.336785 0.079862 0.062171
1 0.187115 0.374106 0.033219 0.039380
2 0.609986 0.593782 0.009992 0.018611
2 0.581423 0.486012 0.009992 0.018616
2 0.402473 0.441451 0.009992 0.018616
2 0.295220 0.938861 0.009992 0.018611
2 0.510892 0.867356 0.009992 0.018611
