1 0.437105 0.955148 0.045466 0.042278
2 0.203850 0.609442 0.010846 0.021634
2 0.303176 0.476387 0.010846 0.021634
1 0.778802 0.726338 0.044766 0.049741
7 0.830318 0.440308 0.115927 0.141236
2 0.478047 0.799701 0.010844 0.021634
1 0.013219 0.250069 0.021682 0.037306
1 0.575603 0.383127 0.038471 0.052227
1 0.621418 0.106442 0.022383 0.031088
1 0.090512 0.699604 0.018185 0.036060
2 0.410143 0.604053 0.015750 0.026625
2 0.102781 0.804664 0.028344 0.058912
1 0.573849 0.573394 0.046156 0.062157
7 0.784746 0.246961 0.140596 0.120625
2 0.536104 0.743743 0.010844 0.021634
2 0.655241 0.618975 0.010846 0.021634
1 0.536118 0.266637 0.020956 0.031940
1 0.353891 0.197762 0.022792 0.031958
2 0.336751 0.700220 0.010846 0.021634
2 0.174471 0.747475 0.010844 0.021634
2 0.520016 0.887993 0.010844 0.021634
2 0.499730 0.820843 0.010846 0.021630
2 0.693376 0.510160 0.015747 0.026625
2 0.970482 0.710169 0.010844 0.021634
1 0.452836 0.982076 0.040646 0.035847
6 0.630520 0.710074 0.052758 0.192120
2 0.913125 0.680324 0.010844 0.021630
1 0.864837 0.624991 0.030779 0.058444
2 0.236725 0.950169 0.010846 0.021634
2 0.380120 0.754935 0.010844 0.021630
2 0.364816 0.390664 0.015747 0.026625
2 0.501130 0.431618 0.010844 0.021634
2 0.599757 0.766127 0.010846 0.021634
2 0.506725 0.764884 0.010846 0.021630
2 0.530508 0.787266 0.010844 0.021634
2 0.642651 0.627928 0.010844 0.021634
1 0.520342 0.292350 0.027279 0.064662
2 0.454964 0.715141 0.015750 0.026625
1 0.700111 0.660433 0.031477 0.077097
2 0.573176 0.184157 0.010846 0.021630
1 0.577806 0.337866 0.017242 0.032602
2 0.547296 0.452759 0.010846 0.021630
1 0.218167 0.474537 0.028677 0.048519
2 0.246518 0.717630 0.010844 0.021630
2 0.785819 0.526127 0.010846 0.021634
2 0.701408 0.589130 0.010846 0.021630
1 0.751872 0.325303 0.039870 0.050986
2 0.319964 0.504986 0.010844 0.021630
1 0.057635 0.564681 0.034974 0.054713
1 0.899811 0.846338 0.026581 0.046009
7 0.074641 0.383586 0.081125 0.105153
2 0.355983 0.692748 0.010846 0.021634
3 0.533199 0.547396 0.168716 0.176079
2 0.710641 0.548840 0.010844 0.021634
1 0.153815 0.510586 0.046865 0.043523
1 0.063931 0.648618 0.019586 0.031088
2 0.301777 0.763641 0.010846 0.021634
2 0.492736 0.772345 0.010846 0.021634
2 0.510223 0.899185 0.010846 0.021630
1 0.139826 0.907273 0.032875 0.058444
2 0.133901 0.779806 0.010844 0.021630
1 0.677727 0.339604 0.027281 0.084560
1 0.800487 0.833903 0.032172 0.053472
1 0.556716 0.335250 0.020286 0.028602
2 0.589264 0.751204 0.010846 0.021630
2 0.368228 0.692759 0.010846 0.021630
2 0.357036 0.743743 0.010844 0.021634
2 0.634730 0.242604 0.010846 0.021634
2 0.630534 0.214002 0.010844 0.021634
2 0.301777 0.797215 0.010846 0.021634
2 0.226233 0.960116 0.010846 0.021630
1 0.708504 0.318463 0.024482 0.044769
6 0.349411 0.456231 0.057781 0.136407
2 0.245118 0.635558 0.010846 0.021634
1 0.191586 0.120743 0.018885 0.039792
2 0.485042 0.772345 0.010844 0.021634
2 0.552891 0.762396 0.010844 0.021634
2 0.303876 0.725090 0.010846 0.021634
1 0.309099 0.966961 0.027281 0.041032
2 0.545897 0.808407 0.010846 0.021630
2 0.480845 0.827060 0.010846 0.021630
6 0.629007 0.861197 0.075471 0.143032
