2 0.352538 0.780192 0.011076 0.020727
2 0.247033 0.596773 0.011076 0.020722
2 0.353121 0.813354 0.011076 0.020727
2 0.449882 0.697292 0.011076 0.020722
2 0.251697 0.653769 0.011076 0.020722
2 0.498845 0.710764 0.011076 0.020722
2 0.484857 0.131488 0.011073 0.020727
2 0.231876 0.607137 0.011076 0.020727
2 0.327473 0.593664 0.011076 0.020727
2 0.309402 0.585375 0.011076 0.020722
2 0.361281 0.330451 0.011073 0.020727
8 0.452514 0.788866 0.052102 0.074731
2 0.508757 0.740815 0.011076 0.020722
2 0.351954 0.844442 0.011076 0.020727
2 0.522746 0.710764 0.011076 0.020722
2 0.099559 0.440296 0.011076 0.020722
2 0.295712 0.450685 0.011076 0.020722
2 0.460374 0.670350 0.011076 0.020727
2 0.295996 0.609208 0.011076 0.020722
2 0.247033 0.648588 0.011076 0.020722
2 0.490686 0.633042 0.011076 0.020722
2 0.368276 0.498326 0.011073 0.020727
2 0.224882 0.541852 0.011076 0.020722
2 0.484857 0.463095 0.011073 0.020727
2 0.434728 0.510764 0.011076 0.020722
2 0.336799 0.621644 0.011073 0.020722
2 0.205064 0.673458 0.011076 0.020722
2 0.509339 0.686928 0.011073 0.020727
2 0.688871 0.500400 0.011076 0.020727
6 0.567319 0.652231 0.068826 0.131750
2 0.474363 0.666204 0.011076 0.020722
2 0.300660 0.575012 0.011076 0.020727
2 0.529158 0.693146 0.011076 0.020727
2 0.243535 0.527343 0.011076 0.020722
2 0.286087 0.635116 0.011076 0.020722
1 0.558642 0.509738 0.045060 0.051542
2 0.466204 0.457912 0.011076 0.020722
2 0.304158 0.585375 0.011076 0.020722
2 0.456876 0.832005 0.011076 0.020722
2 0.465038 0.693146 0.011076 0.020727
2 0.362447 0.856877 0.011076 0.020727
8 0.898573 0.761525 0.026349 0.041968
2 0.369441 0.805065 0.011076 0.020722
2 0.356618 0.618535 0.011076 0.020727
2 0.484857 0.485894 0.011073 0.020722
2 0.504092 0.653769 0.011076 0.020722
2 0.199234 0.475530 0.011073 0.020727
2 0.518665 0.691074 0.011076 0.020722
8 0.972133 0.510813 0.029141 0.041301
2 0.330970 0.586410 0.011076 0.020727
2 0.418405 0.620606 0.011076 0.020722
2 0.146775 0.630970 0.011076 0.020727
2 0.573457 0.504546 0.011076 0.020722
2 0.396257 0.810245 0.011076 0.020722
2 0.440556 0.475530 0.011076 0.020727
2 0.497098 0.748069 0.011076 0.020722
2 0.350789 0.510764 0.011073 0.020722
2 0.507007 0.877602 0.011076 0.020722
2 0.486022 0.432005 0.011076 0.020722
