2 0.73740104166666664565 0.57806712962962958358 0.01779166666666670907 0.03534722222222218269
2 0.27586979166666664165 0.87017361111111102279 0.01988541666666666929 0.04279166666666669311
2 0.42050260416666668251 0.71623611111111107341 0.01779166666666670907 0.03907407407407411520
2 0.33290755208333333570 0.75946759259259255526 0.02511718749999995379 0.02976851851851849626
2 0.41401562500000005373 0.80505324074074069429 0.01779166666666665009 0.03906944444444438586
2 0.59977864583333340143 0.79388888888888897721 0.01674479166666671334 0.03162962962962959784
2 0.49093749999999997113 0.68690740740740729997 0.01883854166666664581 0.02604629629629629309
2 0.51500781250000005063 0.91668518518518515847 0.01674479166666665436 0.03907407407407411520
2 0.20416927083333333282 0.50000000000000000000 0.01779166666666665009 0.03907407407407411520
2 0.25912499999999999423 0.76412268518518522420 0.02407291666666665220 0.04279166666666669311
3 0.81432291666666667407 0.20223611111111111649 0.18209895833333339388 0.19163888888888885864
