1 0.09860807291666666419 0.19260185185185182966 0.04430989583333334175 0.09885185185185184353
1 0.56038020833333335169 0.08680092592592593415 0.07124479166666670971 0.07568518518518518867
1 0.81667838541666670782 0.12000925925925924609 0.03475260416666661745 0.06487037037037035603
1 0.12814713541666666874 0.08061805555555555391 0.05299739583333334253 0.10040277777777778523
1 0.57514973958333326376 0.60499768518518526328 0.07124218750000003986 0.11120833333333335347
1 0.61381380208333335968 0.82509490740740731862 0.08601822916666665431 0.11893055555555560876
1 0.45134505208333330906 0.17561111111111110672 0.07558593750000000555 0.07413888888888887918
1 0.54647916666666662699 0.77875694444444432119 0.02780208333333339041 0.09421759259259258890
7 0.15508072916666665320 0.49996759259259260233 0.19895833333333332038 0.23476851851851851527
8 0.26237760416666666696 0.36250231481481481888 0.05039062500000000139 0.13592129629629626231
8 0.23153515625000001266 0.27600925925925928750 0.09122656249999998301 0.14827777777777778612
9 0.30451562500000001199 0.31539351851851854525 0.05994791666666667712 0.10348148148148147984
