1 0.334406 0.063223 0.020246 0.038762
1 0.652291 0.832884 0.032905 0.066676
1 0.445979 0.089350 0.019204 0.033437
1 0.552791 0.272510 0.019862 0.037091
1 0.672642 0.141460 0.030635 0.052165
1 0.589508 0.264135 0.016988 0.032895
1 0.538281 0.422917 0.033333 0.054167
1 0.770340 0.448666 0.035579 0.057605
1 0.709927 0.726654 0.029908 0.055001
1 0.385637 0.225517 0.020389 0.041424
1 0.665229 0.067682 0.025429 0.046415
8 0.669401 0.484954 0.035677 0.059722
1 0.595735 0.040980 0.019639 0.036377
1 0.247396 0.173843 0.026562 0.037500
