8 0.866016 0.571683 0.029844 0.058764
2 0.505829 0.685667 0.009716 0.019000
8 0.675714 0.905259 0.040062 0.045676
8 0.684991 0.141220 0.041404 0.060764
8 0.872650 0.353792 0.050727 0.069111
1 0.659661 0.531257 0.070797 0.090486
8 0.385003 0.747532 0.031776 0.048417
2 0.852655 0.658032 0.009716 0.019000
7 0.968384 0.968528 0.046852 0.061315
2 0.548576 0.735752 0.009714 0.018995
2 0.563633 0.379525 0.009714 0.025023
8 0.833225 0.460278 0.050727 0.069111
2 0.948835 0.631262 0.009716 0.018995
2 0.629210 0.775477 0.009716 0.019000
2 0.822053 0.512090 0.009716 0.018995
2 0.596664 0.820380 0.009714 0.019000
2 0.508258 0.861831 0.009714 0.018995
2 0.612694 0.790155 0.009716 0.018995
2 0.643783 0.362694 0.009716 0.019000
8 0.632611 0.398100 0.041404 0.060764
2 0.944462 0.664940 0.009716 0.019000
2 0.881801 0.709845 0.009716 0.018995
2 0.227008 0.672713 0.009714 0.019000
2 0.522581 0.706389 0.015047 0.029352
8 0.425396 0.938306 0.023911 0.042083
2 0.138116 0.693437 0.009716 0.018995
2 0.652526 0.350604 0.009714 0.018995
8 0.690898 0.797493 0.024505 0.052699
2 0.558776 0.689984 0.009714 0.018995
2 0.620466 0.814336 0.009714 0.018995
2 0.466969 0.616581 0.009714 0.018995
2 0.468431 0.911093 0.009716 0.019000
8 0.245220 0.820373 0.014768 0.062218
2 0.788536 0.792745 0.009714 0.019000
2 0.699158 0.469775 0.009716 0.018995
2 0.776879 0.628671 0.009716 0.019000
2 0.125000 0.649396 0.009714 0.018995
2 0.099255 0.607944 0.009714 0.019000
2 0.227979 0.642488 0.009714 0.018995
2 0.549546 0.758627 0.009711 0.023301
2 0.657870 0.753023 0.009714 0.019000
2 0.849741 0.732299 0.009716 0.018995
