1 0.51824088541666668561 0.04143981481481481127 0.04669531249999992611 0.04545370370370369756
1 0.46809895833333331483 0.14238888888888889817 0.02900520833333336199 0.07079629629629628773
1 0.58958984375000000888 0.12097453703703704708 0.02836197916666662738 0.03270833333333333925
1 0.63673177083333343251 0.47459722222222228138 0.01839583333333329879 0.04497222222222226756
1 0.41920963541666661500 0.66445601851851843200 0.02732552083333334922 0.05605092592592589990
1 0.48161979166666668561 0.63315972222222227650 0.02753125000000000711 0.08565277777777788315
1 0.61903385416666667496 0.27699074074074070406 0.03589062500000004402 0.07254629629629626153
1 0.88125260416666673091 0.46369675925925929461 0.04905729166666657898 0.05042129629629628351
1 0.38768098958333335746 0.60326388888888893280 0.02732552083333334922 0.06819444444444441866
2 0.48456901041666661234 0.84554861111111112582 0.01376822916666669769 0.02796759259259252658
2 0.58191406249999999556 0.81189814814814820210 0.00983333333333327210 0.02360185185185185996
3 0.52477083333333340853 0.27348842592592592649 0.11533854166666669683 0.14148611111111109029
9 0.31081510416666674468 0.33090277777777776791 0.06113020833333333848 0.20300000000000001377
