2 0.581261 0.925975 0.022296 0.039898
2 0.764535 0.555202 0.024463 0.036592
2 0.834200 0.851175 0.034468 0.051902
2 0.584913 0.675337 0.025330 0.037957
2 0.293423 0.481116 0.021472 0.031356
2 0.714934 0.629199 0.019875 0.030847
2 0.609663 0.835334 0.020952 0.035506
2 0.169850 0.573733 0.020808 0.033518
2 0.669625 0.245666 0.019615 0.030137
2 0.956900 0.697594 0.027811 0.040330
6 0.495455 0.402943 0.029317 0.113967
2 0.797913 0.771652 0.023458 0.038381
2 0.727796 0.462987 0.019620 0.031374
2 0.902489 0.307002 0.027946 0.037060
