2 0.517730 0.818655 0.013602 0.024181
2 0.493928 0.373921 0.013602 0.024176
2 0.507043 0.406736 0.013602 0.024176
2 0.945676 0.353197 0.013602 0.024181
2 0.426409 0.406736 0.013599 0.024176
2 0.573592 0.734889 0.013602 0.024176
1 0.893197 0.339803 0.023315 0.054403
2 0.198592 0.927461 0.013602 0.024181
2 0.323915 0.236616 0.013602 0.024176
2 0.600793 0.080313 0.013602 0.024181
2 0.418151 0.392056 0.013599 0.024176
2 0.340431 0.376512 0.013602 0.024181
2 0.133501 0.449914 0.013602 0.024181
1 0.463783 0.626937 0.021341 0.039014
2 0.291371 0.365285 0.013602 0.024181
2 0.476927 0.900692 0.013599 0.024181
2 0.936934 0.853197 0.013602 0.024181
1 0.791674 0.703794 0.019432 0.051810
2 0.849012 0.419690 0.013602 0.024176
2 0.370548 0.179620 0.013602 0.024176
2 0.101441 0.958549 0.013602 0.024181
2 0.302543 0.446461 0.013602 0.024181
2 0.455068 0.451641 0.013599 0.024181
1 0.904126 0.243086 0.035461 0.057856
2 0.356460 0.388600 0.013602 0.024181
2 0.031007 0.970641 0.013602 0.024181
2 0.096583 0.385146 0.013599 0.024181
2 0.529874 0.720206 0.013602 0.024181
2 0.386577 0.139035 0.013602 0.024181
2 0.362290 0.173576 0.013602 0.024181
1 0.736785 0.162345 0.024289 0.017273
2 0.483241 0.927461 0.013602 0.024181
2 0.907303 0.402419 0.013602 0.024181
2 0.434667 0.487910 0.013599 0.024181
2 0.458469 0.164076 0.013599 0.024181
2 0.309829 0.865285 0.013602 0.024181
2 0.329259 0.356650 0.013602 0.024181
2 0.482270 0.846287 0.013602 0.024176
2 0.489556 0.981002 0.013602 0.024181
2 0.452639 0.040588 0.013602 0.024176
2 0.341888 0.176167 0.013599 0.024176
1 0.928171 0.280220 0.028174 0.054403
2 0.499757 0.821243 0.013602 0.024181
2 0.077154 0.792748 0.013599 0.024181
2 0.457012 0.501729 0.013602 0.024181
2 0.453611 0.094127 0.013602 0.024181
2 0.416207 0.405873 0.013602 0.024181
2 0.541533 0.131262 0.013602 0.024181
2 0.285540 0.920553 0.013602 0.024181
2 0.846583 0.373058 0.013599 0.024181
2 0.892730 0.410192 0.013602 0.024181
1 0.831749 0.140322 0.019914 0.037134
2 0.402121 0.475822 0.013602 0.024181
2 0.320514 0.207255 0.013602 0.024176
1 0.722940 0.837215 0.021859 0.047495
8 0.416802 0.650475 0.020922 0.028338
1 0.443878 0.972361 0.031089 0.036269
2 0.643540 0.053539 0.013602 0.024181
2 0.189848 0.936097 0.013602 0.024176
2 0.509473 0.712438 0.013602 0.024181
2 0.345288 0.272021 0.013602 0.024181
1 0.260747 0.065625 0.020401 0.039722
2 0.435152 0.137308 0.013602 0.024181
1 0.598272 0.341530 0.036789 0.035644
2 0.525988 0.819516 0.013602 0.024181
6 0.371005 0.045546 0.063042 0.091093
2 0.654712 0.734889 0.013602 0.024176
2 0.840270 0.386873 0.013602 0.024181
1 0.637934 0.306127 0.028659 0.037134
2 0.315172 0.276340 0.013599 0.024181
2 0.818410 0.957688 0.013602 0.024181
2 0.474012 0.139896 0.013602 0.024181
2 0.465754 0.936961 0.013602 0.024181
1 0.552645 0.480560 0.046747 0.074704
2 0.104355 0.518998 0.013602 0.024181
2 0.958306 0.367877 0.013602 0.024181
1 0.696467 0.929183 0.037888 0.055264
2 0.542504 0.721933 0.013602 0.024181
2 0.390949 0.419690 0.013602 0.024176
2 0.794122 0.272887 0.013599 0.024181
2 0.542017 0.759067 0.013602 0.024181
2 0.572621 0.122627 0.013602 0.024181
2 0.447296 0.428326 0.013602 0.024181
2 0.799952 0.287565 0.013602 0.024176
2 0.121358 0.473229 0.013602 0.024181
1 0.840734 0.766833 0.031089 0.094991
8 0.040221 0.664456 0.029401 0.041875
2 0.434181 0.799655 0.013602 0.024181
2 0.341888 0.119171 0.013599 0.024176
1 0.762772 0.143345 0.047117 0.046634
2 0.438553 0.424870 0.013602 0.024176
2 0.931105 0.386873 0.013602 0.024181
2 0.455068 0.854058 0.013599 0.024181
2 0.562905 0.256477 0.013602 0.024176
2 0.799952 0.967187 0.013602 0.024181
2 0.518216 0.692572 0.013599 0.024181
1 0.909227 0.581169 0.026229 0.075995
2 0.547846 0.823836 0.013599 0.024181
2 0.464298 0.097583 0.013602 0.024176
2 0.327801 0.438688 0.013602 0.024181
2 0.457496 0.932644 0.013602 0.024176
1 0.843408 0.462861 0.018945 0.070815
2 0.201507 0.708118 0.013602 0.024181
1 0.866237 0.500426 0.030604 0.052676
2 0.330230 0.235752 0.013602 0.024181
2 0.591079 0.776340 0.013602 0.024181
9 0.550082 0.510854 0.063664 0.154986
2 0.515788 0.848014 0.013602 0.024176
2 0.500728 0.953368 0.013602 0.024181
2 0.355004 0.281521 0.013602 0.024181
2 0.861642 0.906736 0.013602 0.024176
2 0.212191 0.943007 0.013602 0.024181
2 0.908275 0.440414 0.013602 0.024181
2 0.812581 0.249567 0.013599 0.024181
2 0.861156 0.409326 0.013599 0.024181
2 0.489556 0.950778 0.013602 0.024176
2 0.522103 0.761660 0.013602 0.024181
1 0.828592 0.822965 0.028174 0.067356
2 0.313715 0.400692 0.013602 0.024181
1 0.633320 0.354917 0.016516 0.036269
2 0.468669 0.766840 0.013599 0.024181
2 0.326345 0.264250 0.013602 0.024176
2 0.082012 0.936097 0.013602 0.024176
2 0.463811 0.455961 0.013602 0.024181
