6 0.601193 0.854816 0.080485 0.266489
2 0.544220 0.875592 0.011988 0.021496
2 0.794911 0.846018 0.010113 0.019363
1 0.381415 0.220955 0.037165 0.045550
2 0.402487 0.673861 0.012390 0.023312
2 0.694192 0.808421 0.009030 0.017713
2 0.629468 0.446134 0.010881 0.020117
2 0.444069 0.814455 0.012008 0.021078
6 0.445730 0.132837 0.053694 0.103099
2 0.386746 0.541003 0.010584 0.020924
2 0.662615 0.789948 0.010399 0.020266
2 0.789739 0.377486 0.010719 0.019297
2 0.827796 0.786200 0.011914 0.021018
2 0.713277 0.832693 0.010077 0.017520
2 0.710794 0.714231 0.011383 0.021182
2 0.623513 0.743851 0.010638 0.019240
2 0.804345 0.816268 0.011914 0.019610
