8 0.537889 0.422706 0.021461 0.043847
8 0.328616 0.610185 0.016659 0.027787
8 0.642087 0.268146 0.023898 0.033523
8 0.325625 0.458583 0.019443 0.075981
2 0.577720 0.750431 0.010201 0.020713
2 0.465026 0.444731 0.010198 0.020713
2 0.476684 0.290157 0.010201 0.020713
8 0.825935 0.403718 0.054484 0.094231
1 0.589626 0.307898 0.020888 0.075130
8 0.545793 0.867171 0.021398 0.038898
8 0.297195 0.427468 0.030609 0.036269
8 0.943964 0.716833 0.022719 0.043556
1 0.401641 0.965062 0.022828 0.054403
2 0.317844 0.279792 0.010198 0.020713
8 0.304753 0.251875 0.057406 0.072361
2 0.605655 0.712468 0.010201 0.020713
8 0.295858 0.060208 0.039711 0.047796
8 0.505634 0.767016 0.072951 0.062273
2 0.576749 0.365287 0.010201 0.020713
1 0.667591 0.785880 0.037891 0.055278
2 0.356702 0.977116 0.016023 0.030213
2 0.574320 0.141625 0.010198 0.020713
8 0.433836 0.155025 0.021240 0.037986
