2 0.416598 0.963211 0.007695 0.015069
2 0.441367 0.391863 0.007693 0.015069
2 0.671823 0.290970 0.007693 0.015069
2 0.545464 0.498884 0.007693 0.015065
7 0.583441 0.693451 0.072195 0.085569
2 0.551108 0.465442 0.007695 0.015069
2 0.453595 0.879600 0.007695 0.015069
2 0.436038 0.207356 0.007695 0.015065
2 0.516617 0.844479 0.007693 0.015069
2 0.556751 0.777590 0.007695 0.015069
2 0.827341 0.869007 0.007693 0.015069
7 0.671913 0.198019 0.047128 0.050444
7 0.283944 0.656197 0.072195 0.085569
2 0.543268 0.556854 0.007693 0.015069
2 0.436038 0.827201 0.007695 0.015069
2 0.608487 0.557414 0.007693 0.015069
2 0.772471 0.570234 0.007693 0.015069
2 0.676212 0.857859 0.007695 0.015069
2 0.709762 0.337234 0.007695 0.015069
2 0.369879 0.857859 0.007695 0.015069
2 0.426003 0.749164 0.007693 0.015069
2 0.666806 0.831660 0.007695 0.015069
2 0.549854 0.552396 0.007693 0.015069
2 0.638587 0.757525 0.007695 0.015069
2 0.432901 0.129877 0.007693 0.015069
2 0.731083 0.652174 0.007693 0.015069
2 0.703491 0.900780 0.007695 0.015069
2 0.506585 0.911928 0.007695 0.015069
2 0.643604 0.458194 0.007693 0.015065
2 0.825773 0.768674 0.007693 0.015069
2 0.546091 0.517280 0.007693 0.015069
2 0.457671 0.939799 0.007695 0.015069
2 0.450460 0.688405 0.007695 0.015069
2 0.660535 0.392975 0.007695 0.015069
2 0.342914 0.615384 0.007693 0.015065
2 0.636392 0.661090 0.007695 0.015069
2 0.889109 0.583613 0.007693 0.015069
2 0.421301 0.344479 0.007695 0.015069
2 0.250104 0.887400 0.007693 0.015069
2 0.545777 0.775363 0.007695 0.015069
2 0.943353 0.798775 0.007695 0.015069
2 0.724185 0.662764 0.007693 0.015065
2 0.648307 0.643813 0.007693 0.015069
2 0.790656 0.234113 0.007693 0.015069
2 0.605665 0.586956 0.007695 0.015069
2 0.576819 0.767002 0.007695 0.015069
2 0.873432 0.771461 0.007693 0.015069
2 0.692203 0.526757 0.007693 0.015069
7 0.827790 0.529771 0.072195 0.085569
2 0.216870 0.448160 0.007693 0.015069
2 0.775293 0.745817 0.007695 0.015069
9 0.434007 0.603868 0.086862 0.080921
2 0.486832 0.235229 0.007695 0.015069
2 0.382734 0.857301 0.007693 0.015065
2 0.502195 0.677812 0.007693 0.015069
2 0.503135 0.866775 0.007693 0.015069
2 0.321906 0.958194 0.007693 0.015065
2 0.732964 0.953178 0.007693 0.015069
2 0.679661 0.482160 0.007693 0.015069
2 0.408759 0.221850 0.007695 0.015069
2 0.830790 0.662764 0.007695 0.015065
2 0.868102 0.750836 0.007693 0.015069
2 0.757734 0.166667 0.007693 0.015065
2 0.561141 0.801562 0.007693 0.015069
2 0.549540 0.769229 0.007695 0.015069
2 0.536057 0.828317 0.007693 0.015069
2 0.691576 0.387400 0.007693 0.015069
2 0.445757 0.712373 0.007695 0.015069
2 0.568039 0.469898 0.007693 0.015065
2 0.442307 0.815493 0.007693 0.015069
2 0.504389 0.812708 0.007695 0.015065
2 0.338525 0.790970 0.007695 0.015069
2 0.441367 0.829988 0.007693 0.015069
1 0.620551 0.361975 0.015268 0.027144
2 0.816367 0.788741 0.007693 0.015065
2 0.338525 0.433669 0.007695 0.015069
2 0.642664 0.482160 0.007693 0.015069
2 0.626986 0.981604 0.007695 0.015069
2 0.800376 0.458194 0.007695 0.015065
2 0.885974 0.543477 0.007693 0.015065
2 0.351379 0.661090 0.007695 0.015069
7 0.816134 0.385729 0.072195 0.085569
2 0.743625 0.790410 0.007693 0.015069
7 0.240055 0.666667 0.048073 0.061463
2 0.314695 0.469340 0.007693 0.015069
2 0.523203 0.823299 0.007693 0.015069
7 0.670698 0.660336 0.038969 0.052394
2 0.365803 0.624861 0.007695 0.015065
2 0.789089 0.747493 0.007693 0.015069
2 0.680602 0.374581 0.007693 0.015069
2 0.457044 0.811595 0.007693 0.015069
2 0.748014 0.744706 0.007695 0.015069
2 0.579954 0.795428 0.007695 0.015069
2 0.533863 0.841137 0.007695 0.015069
2 0.487458 0.894650 0.007693 0.015069
2 0.563336 0.848382 0.007693 0.015069
2 0.457044 0.311595 0.007693 0.015069
2 0.643911 0.772023 0.010844 0.026231
2 0.314227 0.963484 0.007693 0.015069
2 0.547659 0.785951 0.007693 0.015069
2 0.765573 0.147157 0.007693 0.015065
2 0.795673 0.895762 0.007695 0.015069
2 0.195547 0.465998 0.007693 0.015069
2 0.521948 0.812150 0.007693 0.015069
7 0.111113 0.814958 0.089961 0.111315
7 0.157145 0.591623 0.072195 0.085569
2 0.674017 0.736900 0.007695 0.015069
2 0.452969 0.836120 0.007693 0.015065
2 0.663984 0.716833 0.007693 0.015065
7 0.886661 0.656206 0.045375 0.056569
2 0.604724 0.881826 0.007693 0.015069
2 0.805393 0.782051 0.007693 0.015065
2 0.858695 0.837794 0.007693 0.015069
2 0.388691 0.703456 0.007695 0.015069
2 0.264527 0.796544 0.007695 0.015069
2 0.906982 0.579150 0.007693 0.015069
7 0.793087 0.678141 0.053357 0.052977
2 0.768082 0.467113 0.007695 0.015069
2 0.367997 0.597549 0.007693 0.015069
2 0.554557 0.560757 0.007693 0.015069
2 0.763065 0.567447 0.007693 0.015069
2 0.407504 0.976030 0.007695 0.015069
2 0.539507 0.809363 0.007695 0.015069
2 0.769962 0.801002 0.007695 0.015069
2 0.538566 0.241359 0.007695 0.015069
2 0.175167 0.543477 0.007693 0.015065
2 0.718542 0.351727 0.007693 0.015065
2 0.558005 0.479375 0.007693 0.015065
2 0.526965 0.680600 0.007695 0.015069
2 0.636079 0.245262 0.007695 0.015069
2 0.314068 0.490525 0.007693 0.015069
2 0.436350 0.960979 0.007695 0.015069
2 0.598453 0.597549 0.007693 0.015069
2 0.541702 0.470456 0.007695 0.015069
2 0.265469 0.414160 0.007693 0.015069
2 0.349185 0.875697 0.007693 0.015069
2 0.680915 0.782609 0.007695 0.015069
1 0.700883 0.551312 0.029078 0.036190
2 0.558005 0.871794 0.007693 0.015069
2 0.658654 0.651618 0.007693 0.015069
2 0.508779 0.932553 0.007693 0.015069
2 0.835493 0.618729 0.007695 0.015069
2 0.804453 0.854514 0.007693 0.015065
2 0.435096 0.221850 0.007693 0.015069
7 0.910332 0.256155 0.072195 0.085569
2 0.609427 0.802674 0.007693 0.015069
2 0.551421 0.245817 0.007695 0.015069
2 0.522734 0.577748 0.009896 0.018949
2 0.303408 0.961539 0.007695 0.015069
2 0.501254 0.661650 0.007695 0.015069
7 0.218199 0.789937 0.072195 0.085569
2 0.642349 0.968229 0.007693 0.015069
2 0.589047 0.511146 0.007693 0.015069
2 0.715723 0.527600 0.013346 0.013412
2 0.318145 0.599778 0.007695 0.015065
2 0.784699 0.957076 0.007695 0.015069
2 0.378658 0.636565 0.007695 0.015065
2 0.340092 0.637123 0.007695 0.015069
2 0.543896 0.488294 0.007693 0.015069
2 0.704431 0.347826 0.007695 0.015069
2 0.642977 0.735229 0.007693 0.015069
2 0.559888 0.829988 0.007693 0.015069
2 0.468646 0.819396 0.007693 0.015069
2 0.658341 0.630433 0.007693 0.015069
2 0.628553 0.799331 0.007695 0.015069
2 0.466451 0.230211 0.007693 0.015069
2 0.437604 0.802118 0.007693 0.015069
2 0.742371 0.846155 0.007695 0.015069
2 0.670255 0.433669 0.007693 0.015069
2 0.597826 0.499442 0.007693 0.015069
2 0.780309 0.558530 0.007695 0.015069
2 0.443249 0.953734 0.007695 0.015069
7 0.966669 0.541169 0.066661 0.085569
2 0.446697 0.737458 0.007695 0.015065
2 0.681543 0.438127 0.007695 0.015069
2 0.911999 0.818285 0.007695 0.015069
2 0.427572 0.843368 0.007695 0.015069
2 0.488085 0.871794 0.007695 0.015069
2 0.271740 0.407470 0.007693 0.015069
2 0.862458 0.865664 0.007693 0.015069
2 0.326296 0.566331 0.007695 0.015069
2 0.564591 0.452062 0.007693 0.015069
2 0.313754 0.880713 0.007695 0.015065
1 0.639453 0.351634 0.022536 0.020676
2 0.491848 0.211817 0.007695 0.015069
2 0.569921 0.540132 0.007695 0.015069
2 0.716973 0.377368 0.007695 0.015069
2 0.894440 0.825530 0.007693 0.015069
2 0.361727 0.603678 0.007693 0.015069
2 0.494983 0.915831 0.007695 0.015069
2 0.693457 0.760313 0.007695 0.015069
2 0.145270 0.896384 0.014904 0.024556
2 0.817307 0.626530 0.007693 0.015069
2 0.352634 0.611484 0.007695 0.015069
2 0.551736 0.901896 0.007695 0.015069
2 0.436977 0.775919 0.007693 0.015069
2 0.669001 0.477146 0.007695 0.015069
2 0.306857 0.943146 0.007693 0.015069
2 0.750836 0.926979 0.007693 0.015069
2 0.263901 0.553512 0.007693 0.015069
2 0.368938 0.234113 0.007693 0.015069
2 0.385242 0.846711 0.007693 0.015069
2 0.545464 0.235785 0.007693 0.015069
