1 0.727979 0.033900 0.024901 0.046829
6 0.799293 0.439343 0.191727 0.353644
6 0.617390 0.615252 0.069167 0.201744
1 0.568054 0.170423 0.024128 0.036603
1 0.238027 0.139978 0.027359 0.037787
6 0.667685 0.121520 0.103421 0.243039
6 0.953992 0.498193 0.071324 0.160496
1 0.356328 0.020087 0.018087 0.032013
6 0.520620 0.251916 0.050324 0.111962
1 0.553449 0.333623 0.036663 0.047626
6 0.767724 0.905657 0.125857 0.188687
1 0.483524 0.038212 0.021094 0.032278
1 0.361244 0.131111 0.017635 0.030624
6 0.327660 0.072099 0.037559 0.091754
1 0.432971 0.143183 0.024601 0.036724
1 0.670456 0.404744 0.094307 0.110554
5 0.829768 0.153021 0.172553 0.151802
1 0.079250 0.364994 0.021709 0.037813
1 0.260744 0.015092 0.019695 0.028789
6 0.471938 0.626598 0.032372 0.107121
6 0.759920 0.041440 0.063566 0.082881
1 0.236477 0.041664 0.018861 0.027601
2 0.401486 0.610317 0.017284 0.027140
1 0.525712 0.524196 0.023113 0.039712
1 0.387272 0.022667 0.015175 0.027638
1 0.195929 0.140292 0.024072 0.033244
1 0.833651 0.176547 0.019652 0.034319
6 0.759769 0.035206 0.047323 0.070411
1 0.258871 0.336651 0.014506 0.027456
1 0.450895 0.012856 0.015362 0.025208
1 0.522788 0.107012 0.018752 0.030606
6 0.328500 0.261857 0.038728 0.065097
6 0.428988 0.523760 0.025202 0.070428
1 0.577373 0.377429 0.016769 0.025540
1 0.466753 0.021764 0.012326 0.023880
1 0.467431 0.432551 0.012987 0.023542
1 0.411306 0.059573 0.016551 0.027679
1 0.136690 0.143369 0.027263 0.037990
1 0.213416 0.389302 0.020846 0.032097
