1 0.722895 0.036106 0.022302 0.039280
1 0.521695 0.198457 0.026578 0.038991
1 0.603906 0.398611 0.032813 0.056481
1 0.693419 0.068761 0.018697 0.033174
1 0.046861 0.058717 0.029920 0.051239
1 0.193742 0.876367 0.040379 0.074818
6 0.380125 0.636178 0.077072 0.270984
6 0.110474 0.397079 0.154051 0.332994
1 0.220186 0.244739 0.018891 0.036940
1 0.652046 0.320699 0.027889 0.045627
1 0.751037 0.133525 0.025352 0.042670
1 0.642730 0.143346 0.018341 0.030930
1 0.891983 0.249154 0.041574 0.073210
6 0.364666 0.188242 0.071792 0.212225
6 0.651693 0.514583 0.071615 0.238426
1 0.697394 0.149965 0.018148 0.033793
1 0.659884 0.375945 0.017618 0.031970
1 0.874266 0.938996 0.026380 0.052951
1 0.559392 0.524549 0.019609 0.039676
1 0.504085 0.549729 0.015424 0.027641
6 0.583114 0.328564 0.066814 0.166028
1 0.839740 0.682299 0.034232 0.074417
1 0.614940 0.122564 0.016353 0.026167
1 0.283845 0.255977 0.030378 0.043275
1 0.663461 0.068123 0.015620 0.030661
8 0.989344 0.462036 0.021313 0.054136
6 0.733448 0.928832 0.050305 0.142336
1 0.357950 0.040402 0.020585 0.034342
1 0.390175 0.346759 0.026152 0.049132
1 0.595161 0.046192 0.015236 0.026241
6 0.859186 0.255166 0.074202 0.239207
1 0.109925 0.223733 0.020059 0.039534
6 0.961745 0.329316 0.076510 0.220803
7 0.930339 0.367593 0.122656 0.117593
1 0.490438 0.041794 0.020164 0.034421
1 0.846752 0.095998 0.022106 0.041487
6 0.255729 0.187500 0.075000 0.167593
6 0.273969 0.600327 0.036210 0.107411
1 0.356547 0.457812 0.024126 0.041028
1 0.630652 0.185083 0.021963 0.037999
6 0.043634 0.844230 0.086395 0.266112
1 0.717231 0.198378 0.026018 0.037843
1 0.616689 0.230220 0.018557 0.033688
1 0.639256 0.247759 0.021928 0.038131
1 0.889753 0.142742 0.032470 0.052520
1 0.486317 0.139340 0.019294 0.030254
1 0.650952 0.090279 0.016167 0.030796
1 0.416851 0.028997 0.016163 0.026758
1 0.756436 0.218212 0.025932 0.045621
1 0.667455 0.147332 0.015782 0.025369
1 0.527995 0.413657 0.021615 0.040278
1 0.777757 0.296462 0.017780 0.043186
1 0.523861 0.551441 0.013810 0.026339
1 0.875690 0.337855 0.023819 0.059059
1 0.321555 0.421711 0.016506 0.031526
1 0.607017 0.018676 0.015666 0.031838
1 0.515006 0.253083 0.018324 0.032437
1 0.428527 0.441405 0.026912 0.040474
1 0.569993 0.028483 0.012838 0.026004
2 0.646182 0.970514 0.009274 0.017095
1 0.961013 0.061092 0.030593 0.062413
