7 0.673395 0.294415 0.061421 0.079566
6 0.373751 0.493231 0.053275 0.154003
9 0.475990 0.623775 0.182321 0.192626
3 0.846092 0.192166 0.133163 0.127314
1 0.480296 0.160000 0.019402 0.035384
7 0.756152 0.306752 0.098735 0.115603
6 0.625327 0.211075 0.068035 0.174340
6 0.663280 0.379428 0.059925 0.099159
2 0.330322 0.837372 0.009527 0.016735
2 0.722598 0.732233 0.010420 0.018453
2 0.281697 0.636501 0.014565 0.023938
6 0.517651 0.273510 0.082660 0.194542
2 0.631759 0.878808 0.008940 0.015599
1 0.616586 0.275996 0.023737 0.037746
7 0.788759 0.550262 0.056071 0.075631
2 0.816815 0.853899 0.104988 0.145650
6 0.544972 0.202699 0.066352 0.133347
1 0.577580 0.130793 0.015769 0.029843
2 0.203684 0.903720 0.013522 0.024372
2 0.662705 0.789701 0.011148 0.019890
2 0.454413 0.950874 0.011414 0.020326
2 0.631209 0.958005 0.010671 0.018877
1 0.446173 0.132387 0.014943 0.028060
2 0.406698 0.814756 0.009860 0.017739
