6 0.915683 0.470787 0.168634 0.325873
6 0.670103 0.092456 0.104915 0.183756
6 0.086080 0.383997 0.170677 0.269988
1 0.440310 0.033515 0.020706 0.038987
1 0.498828 0.225705 0.029300 0.050492
1 0.349579 0.269210 0.028544 0.056699
1 0.427601 0.230032 0.021832 0.038783
1 0.212062 0.162830 0.042417 0.071501
6 0.544389 0.153667 0.122146 0.281680
1 0.355560 0.083646 0.021773 0.058974
2 0.654776 0.791500 0.021601 0.036283
1 0.331556 0.106897 0.086569 0.096127
7 0.240265 0.450198 0.093785 0.119923
1 0.316128 0.034101 0.019280 0.042170
6 0.356304 0.785287 0.081713 0.145803
1 0.278277 0.272846 0.019775 0.046454
