2 0.186204 0.843694 0.009992 0.017917
2 0.762306 0.892056 0.009992 0.017917
2 0.448996 0.718481 0.009992 0.017917
2 0.583064 0.607944 0.009992 0.017917
2 0.812824 0.865287 0.009992 0.017917
2 0.823025 0.853194 0.009992 0.017917
2 0.435882 0.932644 0.009992 0.017917
7 0.458882 0.420120 0.042497 0.049944
3 0.680523 0.586650 0.103396 0.099440
2 0.393134 0.757343 0.009992 0.017917
7 0.443411 0.249139 0.066719 0.076259
2 0.940577 0.754750 0.009992 0.017917
2 0.777850 0.964597 0.009992 0.017917
7 0.502980 0.716912 0.043383 0.054111
2 0.591806 0.508634 0.009992 0.017917
2 0.608809 0.804838 0.009992 0.017917
2 0.489314 0.594130 0.009992 0.017917
2 0.315900 0.531954 0.009992 0.017917
2 0.690493 0.888301 0.016128 0.024898
7 0.704182 0.526167 0.086010 0.095074
2 0.756478 0.921417 0.009992 0.017917
2 0.384392 0.803111 0.009992 0.017917
2 0.545176 0.937824 0.009992 0.017917
2 0.769105 0.841106 0.009992 0.017917
2 0.530603 0.784972 0.009992 0.017917
2 0.642811 0.721069 0.009992 0.017917
2 0.931832 0.856648 0.009992 0.017917
2 0.647184 0.515546 0.009992 0.017917
2 0.176975 0.740069 0.009992 0.017917
2 0.716160 0.981866 0.009992 0.017917
2 0.734132 0.680486 0.009992 0.017917
2 0.700728 0.952530 0.013810 0.021190
2 0.508743 0.869602 0.009992 0.017917
2 0.772993 0.940417 0.009992 0.017917
7 0.390128 0.481109 0.059432 0.056394
2 0.526353 0.928097 0.009992 0.017917
2 0.577236 0.666667 0.009992 0.017917
2 0.244009 0.767704 0.009992 0.017917
2 0.435882 0.913644 0.009992 0.017917
1 0.316785 0.727218 0.051581 0.049222
2 0.653496 0.722796 0.009992 0.017917
7 0.529595 0.668009 0.054247 0.072315
6 0.110493 0.733544 0.075383 0.210227
1 0.439529 0.737086 0.040318 0.030227
1 0.528052 0.379051 0.031990 0.052074
2 0.421309 0.955958 0.009992 0.017917
2 0.778822 0.871329 0.009992 0.017917
7 0.332349 0.621762 0.076083 0.081292
2 0.113342 0.974958 0.009992 0.017917
2 0.487855 0.913644 0.009992 0.017917
7 0.635358 0.424037 0.042497 0.049944
2 0.775908 0.853194 0.009992 0.017917
2 0.664184 0.727981 0.009992 0.017917
2 0.476684 0.744389 0.009992 0.017917
2 0.160460 0.990500 0.009992 0.017917
2 0.194944 0.607949 0.067299 0.059380
