1 0.543238 0.196371 0.022249 0.041045
6 0.837528 0.728375 0.086427 0.290301
6 0.112079 0.225284 0.140830 0.280406
6 0.448173 0.641056 0.092727 0.301493
1 0.377840 0.448394 0.026177 0.047535
1 0.773866 0.578407 0.035739 0.063641
1 0.799528 0.272509 0.028429 0.060065
1 0.520919 0.313237 0.023391 0.045519
6 0.278560 0.435388 0.086971 0.197356
1 0.708091 0.069032 0.036634 0.059148
1 0.716010 0.165363 0.028305 0.059726
1 0.332534 0.491534 0.034265 0.059363
6 0.661977 0.301046 0.071166 0.145784
1 0.882424 0.253476 0.043152 0.060435
1 0.303973 0.043082 0.017484 0.036450
6 0.647929 0.137719 0.131926 0.169670
1 0.602291 0.511334 0.020944 0.037288
1 0.147759 0.129605 0.026185 0.055791
1 0.736760 0.513290 0.031080 0.052629
1 0.825008 0.296802 0.025630 0.050079
1 0.442557 0.115539 0.014290 0.026370
1 0.792998 0.729169 0.029461 0.057871
