1 0.230128 0.805053 0.021682 0.054718
5 0.942246 0.168370 0.115508 0.069639
2 0.166799 0.892060 0.014286 0.026083
6 0.634241 0.559141 0.065508 0.183856
2 0.708898 0.885843 0.014286 0.026083
2 0.621464 0.342424 0.014286 0.026088
2 0.166799 0.839831 0.014286 0.026088
1 0.099211 0.398743 0.071109 0.089181
1 0.975077 0.267852 0.038471 0.072120
1 0.193406 0.526505 0.041969 0.052231
2 0.555711 0.356102 0.014286 0.026083
2 0.184286 0.884597 0.014286 0.026083
2 0.157005 0.213095 0.014286 0.026088
2 0.985513 0.790345 0.028974 0.047227
2 0.338172 0.203148 0.014286 0.026083
2 0.629857 0.269056 0.014286 0.026083
1 0.431579 0.818734 0.027279 0.054718
1 0.342044 0.148475 0.016089 0.032329
1 0.138496 0.621014 0.027279 0.032333
1 0.373238 0.311954 0.032081 0.046463
2 0.621464 0.908227 0.014286 0.026083
2 0.347266 0.085014 0.014286 0.026083
2 0.312991 0.683148 0.014284 0.026083
2 0.610271 0.669470 0.014286 0.026088
2 0.726385 0.639625 0.014286 0.026083
2 0.673224 0.849780 0.014286 0.026088
1 0.197952 0.443190 0.025883 0.049741
2 0.373146 0.654546 0.014286 0.026083
1 0.768147 0.293394 0.060794 0.074037
5 0.925809 0.480495 0.148383 0.236269
2 0.513042 0.782630 0.014286 0.026083
5 0.752991 0.187646 0.057357 0.055958
2 0.655036 0.283977 0.014286 0.026083
1 0.926113 0.252308 0.010492 0.031088
1 0.851268 0.316350 0.020286 0.044764
2 0.615867 0.800039 0.014286 0.026088
2 0.415115 0.941801 0.014286 0.026083
2 0.498354 0.683148 0.014286 0.026083
2 0.226956 0.699315 0.014286 0.026083
1 0.240271 0.636556 0.030776 0.065907
2 0.412318 0.740350 0.014286 0.026088
1 0.304624 0.304535 0.026581 0.043523
2 0.663432 0.813718 0.014286 0.026083
2 0.644544 0.433199 0.014286 0.026083
2 0.708198 0.450609 0.014286 0.026088
2 0.296203 0.269056 0.014286 0.026083
2 0.589286 0.893303 0.014286 0.026088
2 0.208068 0.793822 0.014286 0.026088
2 0.514441 0.685634 0.014284 0.026083
2 0.253534 0.788847 0.014286 0.026083
2 0.368951 0.199417 0.014286 0.026083
1 0.192706 0.302051 0.025182 0.041037
2 0.448030 0.575007 0.024820 0.039634
6 0.702897 0.252123 0.061070 0.174755
5 0.712422 0.179551 0.029375 0.052250
1 0.080439 0.841116 0.032878 0.099481
2 0.646643 0.916931 0.014286 0.026083
2 0.276617 0.756516 0.014286 0.026088
2 0.142318 0.834859 0.014286 0.026088
1 0.347292 0.765884 0.039172 0.060935
1 0.582928 0.046970 0.035445 0.050856
2 0.193380 0.226775 0.014286 0.026088
2 0.932038 0.777653 0.016393 0.034787
1 0.436126 0.423292 0.022383 0.042278
2 0.548716 0.410817 0.014286 0.026088
2 0.704001 0.765220 0.014284 0.026088
2 0.165401 0.796308 0.014286 0.026088
2 0.173794 0.326257 0.014286 0.026088
1 0.749844 0.070132 0.032875 0.047255
2 0.368951 0.805014 0.014286 0.026083
2 0.352161 0.209366 0.014286 0.026083
2 0.361956 0.693097 0.014286 0.026083
1 0.128004 0.693137 0.020284 0.064662
2 0.538924 0.410817 0.014286 0.026088
2 0.563406 0.179521 0.014286 0.026088
2 0.625659 0.894546 0.014286 0.026083
3 0.513155 0.327044 0.184216 0.198773
2 0.510944 0.435688 0.014284 0.026088
2 0.657836 0.438174 0.014286 0.026088
2 0.619365 0.550090 0.014286 0.026088
1 0.325957 0.288368 0.013289 0.043523
2 0.518638 0.620972 0.014286 0.026083
2 0.516539 0.139727 0.014286 0.026083
2 0.391333 0.792579 0.014286 0.026083
2 0.385036 0.800039 0.014286 0.026088
2 0.539622 0.859729 0.014286 0.026088
2 0.249339 0.520245 0.014286 0.026083
2 0.531928 0.911956 0.014284 0.026088
2 0.895305 0.791958 0.014286 0.026083
1 0.100023 0.296454 0.039870 0.052231
2 0.576695 0.652060 0.014286 0.026083
2 0.264727 0.705530 0.014286 0.026088
1 0.590745 0.041257 0.017714 0.037458
2 0.506047 0.795065 0.014286 0.026083
1 0.936954 0.137282 0.019586 0.049741
1 0.796707 0.463708 0.024482 0.041037
6 0.246195 0.125155 0.054365 0.189403
