6 0.082171 0.428423 0.136677 0.368047
1 0.664027 0.063798 0.026448 0.042043
6 0.391879 0.276152 0.069414 0.208691
6 0.385247 0.717098 0.046367 0.238427
7 0.911047 0.457291 0.068358 0.094257
1 0.872409 0.431474 0.026711 0.058400
1 0.610577 0.469203 0.027080 0.043661
6 0.964190 0.438374 0.061445 0.183322
6 0.603329 0.399311 0.058712 0.140110
1 0.732443 0.060941 0.029173 0.051456
1 0.486633 0.082001 0.017080 0.034784
1 0.311110 0.332613 0.025127 0.038794
1 0.408655 0.420414 0.024563 0.049764
6 0.656173 0.541766 0.057317 0.181715
1 0.406122 0.017519 0.022847 0.035037
1 0.254333 0.330440 0.016592 0.033184
1 0.534405 0.286684 0.025433 0.032730
1 0.108862 0.173415 0.024795 0.044290
1 0.160245 0.315139 0.017219 0.031273
1 0.685864 0.060573 0.016182 0.032201
6 0.433003 0.142897 0.045272 0.107142
