2 0.641331 0.515039 0.012734 0.021995
2 0.582120 0.614035 0.012734 0.021995
2 0.782307 0.581451 0.012734 0.021995
2 0.556039 0.708021 0.012734 0.021995
2 0.327656 0.583961 0.012734 0.021995
2 0.527138 0.548873 0.012734 0.021995
2 0.620185 0.902257 0.012734 0.021995
2 0.632167 0.971178 0.012734 0.021995
2 0.218398 0.507521 0.012734 0.021995
2 0.337523 0.576442 0.012734 0.021995
2 0.590578 0.966164 0.012734 0.021995
1 0.417195 0.513736 0.031016 0.045111
2 0.448896 0.755637 0.012734 0.021995
2 0.301576 0.637845 0.012734 0.021995
7 0.378408 0.186718 0.060622 0.078926
2 0.243068 0.583961 0.012734 0.021995
7 0.789023 0.326382 0.085292 0.106495
2 0.821076 0.516289 0.012734 0.021995
2 0.633576 0.536340 0.012734 0.021995
2 0.833905 0.616009 0.013638 0.025269
2 0.570135 0.711780 0.012734 0.021995
2 0.580711 0.711780 0.012734 0.021995
2 0.712523 0.672933 0.012734 0.021995
7 0.551460 0.363407 0.060622 0.078926
2 0.137336 0.774437 0.012734 0.021995
2 0.831651 0.570174 0.012734 0.021995
2 0.108435 0.864660 0.012734 0.021995
2 0.501763 0.938595 0.012734 0.021995
2 0.829536 0.505012 0.012734 0.021995
2 0.841518 0.456141 0.012734 0.021995
2 0.089404 0.748118 0.012734 0.021995
2 0.537773 0.827141 0.014938 0.024940
2 0.454536 0.431076 0.012734 0.021995
2 0.809094 0.566414 0.012734 0.021995
2 0.704771 0.675438 0.012734 0.021995
5 0.387590 0.087044 0.032424 0.056394
2 0.310387 0.693604 0.016258 0.030755
1 0.662143 0.276269 0.026078 0.041352
2 0.587055 0.612780 0.012734 0.021995
2 0.095042 0.650377 0.012734 0.021995
7 0.244475 0.165412 0.067664 0.078926
2 0.695422 0.906252 0.012734 0.021995
2 0.636396 0.369674 0.012734 0.021995
