2 0.35295963541666669494 0.56996759259259266450 0.01657031250000002773 0.03107407407407412891
2 0.17980338541666665564 0.47562731481481484996 0.02153906249999998010 0.03093055555555553060
2 0.36745833333333333126 0.70466435185185172241 0.02236979166666669058 0.03240277777777778034
2 0.75726692708333331883 0.97280324074074076002 0.02816927083333323548 0.05022685185185185586
2 0.67690364583333328952 0.43733564814814812616 0.01988541666666658256 0.03093055555555553060
2 0.25892578124999998668 0.76807175925925919024 0.02734114583333333709 0.03549537037037030218
2 0.75768229166666667407 0.73412037037037036757 0.02236979166666657262 0.04124074074074070978
2 0.81153515625000005596 0.87478240740740742520 0.03065364583333334350 0.04860185185185186135
2 0.52943098958333334458 0.37547222222222220722 0.01988281250000003414 0.01914814814814815372
2 0.68850130208333337745 0.56694675925925930304 0.01657031249999990977 0.03093055555555553060
2 0.18394661458333333437 0.70915509259259268404 0.02816927083333335344 0.02931018518518526544
2 0.94450911458333330906 0.53528240740740740122 0.02816927083333335344 0.03829629629629630744
