2 0.68904947916666658969 0.68886574074074080620 0.02943749999999999145 0.04415740740740745768
2 0.88270963541666669361 0.93247222222222225785 0.02575781249999996303 0.04088888888888896761
2 0.34130468750000003686 0.94154629629629627008 0.03495833333333333431 0.03598148148148139214
2 0.75620703124999999467 0.90147685185185189027 0.02023697916666667568 0.04415740740740745768
2 0.66513020833333347248 0.63243981481481492679 0.02759895833333333645 0.03271296296296299921
2 0.64811067708333325310 0.46071296296296293526 0.02667968749999995171 0.03924999999999998629
2 0.78656640624999996092 0.55965972222222226673 0.02575781249999996303 0.04088425925925923132
2 0.48895703124999995159 0.58337500000000008793 0.02667968750000001069 0.03271296296296299921
2 0.76542057291666665275 0.24360416666666664942 0.02575781249999996303 0.04088425925925928683
2 0.06715494791666666574 0.51304861111111110805 0.02391927083333333925 0.03597685185185187096
2 0.47929817708333338766 0.78453935185185186274 0.02944010416666665436 0.03925462962962961155
