2 0.46263020833333334814 0.97419675925925941495 0.02133854166666667926 0.03448611111111121730
2 0.88164192708333333215 0.65002314814814809996 0.02715885416666665580 0.03793518518518521065
2 0.40734505208333332549 0.92936342592592602330 0.01746093749999998862 0.03104166666666664451
2 0.93838281250000010747 0.87849537037037050968 0.03782812499999994166 0.06379629629629628151
2 0.73372656250000001243 0.54225231481481472873 0.02618749999999998510 0.03620833333333324522
2 0.26719010416666666430 0.46551851851851849817 0.02230729166666665930 0.03103703703703701924
2 0.69056510416666661012 0.60087962962962970792 0.02521875000000003628 0.02586111111111106392
2 0.58047786458333328063 0.64571296296296298856 0.02812760416666660462 0.03621296296296287048
2 0.22014713541666666718 0.90522222222222226140 0.01939843750000000075 0.04483333333333339860
2 0.57756770833333326287 0.83883564814814814969 0.02036979166666661595 0.03620833333333334930
2 0.22499739583333333570 0.57587731481481485574 0.02715624999999999289 0.02758796296296302936
