1 0.068159 0.048150 0.037889 0.059529
6 0.659791 0.485127 0.074379 0.219859
1 0.441436 0.041763 0.023458 0.034163
1 0.339570 0.123290 0.020647 0.037994
1 0.610906 0.181954 0.020642 0.039629
1 0.853721 0.244025 0.057065 0.093683
6 0.584070 0.092787 0.109504 0.147375
1 0.415336 0.287055 0.019772 0.038188
1 0.505726 0.124360 0.018263 0.033318
5 0.739619 0.915052 0.164974 0.169897
1 0.639496 0.074778 0.024835 0.040277
1 0.690123 0.293403 0.027713 0.057019
1 0.618954 0.119283 0.017647 0.031647
1 0.296278 0.036979 0.014545 0.028064
1 0.468717 0.059252 0.014860 0.033079
