1 0.177340 0.838380 0.036138 0.044556
1 0.355340 0.639868 0.021284 0.036366
3 0.138868 0.555998 0.200518 0.155440
1 0.983492 0.292264 0.026813 0.038343
1 0.879152 0.409882 0.024482 0.035236
1 0.579723 0.261602 0.025555 0.033685
1 0.470699 0.097639 0.021352 0.036676
1 0.566427 0.782937 0.014573 0.055958
2 0.750337 0.874137 0.012544 0.021477
1 0.680384 0.239417 0.032643 0.040417
1 0.644387 0.526859 0.021174 0.035051
1 0.110889 0.410919 0.038471 0.041449
1 0.788221 0.367394 0.012823 0.037306
2 0.039781 0.696933 0.012547 0.021477
1 0.470965 0.600139 0.027409 0.032639
1 0.192496 0.578275 0.023315 0.056995
1 0.408169 0.581903 0.020984 0.041454
2 0.642501 0.715588 0.012544 0.021472
1 0.439063 0.791229 0.019818 0.064245
1 0.144988 0.358069 0.025065 0.041454
1 0.190746 0.691748 0.018654 0.060106
1 0.257198 0.517137 0.051297 0.044560
1 0.075333 0.406255 0.027979 0.048704
1 0.926952 0.199521 0.030310 0.033162
1 0.511309 0.496521 0.019987 0.043894
2 0.459763 0.900049 0.012547 0.021477
1 0.296835 0.194338 0.017487 0.016583
2 0.662320 0.680354 0.012547 0.021477
2 0.530585 0.964294 0.012544 0.021477
1 0.524962 0.526345 0.031607 0.038227
2 0.225143 0.946676 0.012547 0.021472
2 0.421581 0.277248 0.012547 0.021477
2 0.513096 0.570512 0.012547 0.021477
2 0.726439 0.879317 0.012544 0.021477
1 0.526186 0.640762 0.022440 0.036097
1 0.443143 0.543560 0.029146 0.049741
1 0.590241 0.355130 0.017253 0.025324
2 0.161025 0.911442 0.012544 0.021477
1 0.949685 0.604183 0.022151 0.042486
1 0.606176 0.509646 0.019487 0.030532
6 0.546798 0.089356 0.084070 0.177389
2 0.755001 0.983981 0.012544 0.021472
1 0.395637 0.179312 0.018070 0.030051
2 0.332397 0.724914 0.012544 0.021477
1 0.332971 0.155481 0.015151 0.030056
6 0.251531 0.634484 0.074531 0.164875
1 0.575652 0.192437 0.019227 0.029560
1 0.166264 0.588120 0.023315 0.047667
1 0.228927 0.469984 0.027396 0.055958
1 0.166264 0.391748 0.030310 0.040412
2 0.622682 0.736312 0.012547 0.021477
2 0.686219 0.730095 0.012547 0.021477
1 0.623551 0.672058 0.015737 0.031088
2 0.887902 0.312479 0.012544 0.021477
7 0.819988 0.219743 0.057372 0.058949
2 0.254289 0.916623 0.012547 0.021477
2 0.642501 0.993356 0.012544 0.013287
1 0.068337 0.330090 0.039638 0.047671
2 0.342891 0.221287 0.012547 0.021472
2 0.671063 0.391234 0.012547 0.021477
2 0.766659 0.846160 0.012547 0.021477
2 0.746258 0.891752 0.012547 0.021477
2 0.826115 0.935278 0.012547 0.021472
5 0.903052 0.374648 0.062953 0.051815
2 0.510766 0.868956 0.012547 0.021477
1 0.544411 0.348313 0.031891 0.034403
6 0.879454 0.654123 0.149596 0.366106
6 0.795049 0.080843 0.086422 0.160750
2 0.044444 0.819215 0.012544 0.021477
2 0.954353 0.507299 0.012544 0.021477
2 0.382527 0.215069 0.012544 0.021472
1 0.230383 0.144079 0.020984 0.038343
1 0.630546 0.268433 0.016904 0.030051
2 0.661154 0.650303 0.012547 0.021477
1 0.388891 0.508551 0.030302 0.037111
1 0.879736 0.866877 0.039638 0.107773
2 0.833109 0.442012 0.012547 0.021477
1 0.519053 0.199815 0.016289 0.026944
2 0.622682 0.577764 0.012547 0.021472
2 0.678641 0.835794 0.012547 0.021477
2 0.030454 0.697970 0.012544 0.021477
2 0.450727 0.289681 0.012547 0.021472
1 0.372259 0.721639 0.021555 0.033963
2 0.912384 0.513516 0.012544 0.021477
2 0.967177 0.520771 0.012547 0.021477
1 0.617723 0.315581 0.016904 0.047671
2 0.070091 0.786053 0.012547 0.021477
2 0.559729 0.889681 0.012547 0.021472
1 0.638415 0.452889 0.016320 0.023833
2 0.351516 0.818861 0.015458 0.025611
2 0.562643 0.865845 0.012547 0.021477
2 0.822617 0.442012 0.012547 0.021477
2 0.292181 0.485539 0.025378 0.033921
1 0.188124 0.172576 0.019237 0.026940
2 0.660572 0.835794 0.012544 0.021477
6 0.416124 0.716262 0.037742 0.152912
1 0.965422 0.149780 0.027979 0.058032
1 0.624426 0.804183 0.016320 0.061144
1 0.450741 0.556183 0.020206 0.040931
1 0.807457 0.823354 0.101424 0.130569
1 0.153732 0.792785 0.022734 0.056995
1 0.490358 0.953924 0.019820 0.068394
1 0.289548 0.786049 0.011076 0.033162
2 0.595868 0.827505 0.012544 0.021472
2 0.741594 0.871030 0.012547 0.021477
1 0.455967 0.962731 0.044299 0.050778
1 0.175591 0.442005 0.025646 0.062176
1 0.641913 0.603148 0.016320 0.063213
1 0.395437 0.444412 0.022974 0.035694
7 0.802801 0.284514 0.077784 0.070324
1 0.478314 0.247454 0.016424 0.031833
2 0.629094 0.911442 0.012547 0.021477
1 0.437331 0.584280 0.015568 0.030273
2 0.716530 0.866882 0.012544 0.021477
1 0.305578 0.104185 0.022151 0.022796
2 0.262449 0.278282 0.012544 0.021472
1 0.396599 0.340951 0.023604 0.032449
1 0.944729 0.854961 0.063536 0.077718
1 0.770443 0.920764 0.040219 0.037306
1 0.847385 0.739935 0.028563 0.065287
2 0.542242 0.531132 0.012547 0.021477
2 0.627346 0.436831 0.012547 0.021477
7 0.911049 0.073799 0.153557 0.115912
1 0.202404 0.521801 0.020984 0.051815
1 0.291182 0.430306 0.023130 0.037435
2 0.292465 0.903681 0.014289 0.039111
2 0.687967 0.858593 0.012544 0.021472
1 0.352503 0.782940 0.021568 0.035231
1 0.291609 0.680870 0.019323 0.038407
2 0.945609 0.526986 0.012547 0.021472
2 0.597617 0.879317 0.012547 0.021477
2 0.108562 0.746676 0.012547 0.021472
1 0.967462 0.419727 0.044883 0.065287
2 0.249043 0.306262 0.012544 0.021477
2 0.904807 0.310405 0.012547 0.021477
2 0.538161 0.889681 0.012547 0.021472
2 0.050273 0.642012 0.012547 0.021477
1 0.465003 0.804701 0.063536 0.064245
1 0.026660 0.446153 0.041388 0.064250
1 0.502246 0.112912 0.015680 0.037759
2 0.674560 0.773618 0.012547 0.021477
1 0.316944 0.426981 0.025065 0.036269
6 0.484622 0.461498 0.067708 0.255505
1 0.208816 0.326463 0.037305 0.054926
2 0.724690 0.491752 0.012547 0.021477
2 0.880908 0.446160 0.012544 0.021477
2 0.896062 0.487609 0.012547 0.021477
1 0.579833 0.840451 0.023901 0.044560
1 0.381258 0.256410 0.044818 0.049995
2 0.827281 0.311442 0.012547 0.021477
2 0.536996 0.712479 0.012544 0.021477
1 0.462703 0.205475 0.016708 0.029903
2 0.672229 0.916623 0.012547 0.021477
2 0.516594 0.622322 0.012547 0.021477
2 0.770156 0.987090 0.012547 0.021477
2 0.149366 0.893826 0.012544 0.021477
2 0.473460 0.677248 0.012544 0.021477
2 0.187255 0.953928 0.012547 0.021477
1 0.922871 0.706257 0.026815 0.095338
1 0.377005 0.599292 0.017510 0.033843
1 0.395637 0.543560 0.026232 0.035231
2 0.497359 0.649266 0.012547 0.021477
1 0.390099 0.866359 0.025646 0.040412
