8 0.32804817708333333659 0.29782638888888890438 0.03572656250000001699 0.05407870370370373297
8 0.74507552083333339343 0.77665046296296302852 0.01960937499999992895 0.03558796296296291156
8 0.67317057291666659857 0.39534027777777774881 0.01797656249999993530 0.03704166666666671576
8 0.64947135416666668117 0.35543750000000001732 0.04365104166666675806 0.06114351851851848596
8 0.63394921874999998757 0.32162037037037038978 0.01797656250000005326 0.03486111111111114130
8 0.27281510416666671093 0.64115046296296296369 0.05489062499999999151 0.04938425925925929438
8 0.39923828124999999334 0.68513657407407402289 0.01920052083333333853 0.02832870370370372745
8 0.56102343749999994404 0.60415277777777764978 0.01593229166666674385 0.04502777777777777074
8 0.50832161458333335879 0.39207175925925924487 0.02328906250000001635 0.03486574074074071800
8 0.17361067708333333126 0.76872453703703713668 0.04298697916666668201 0.05526388888888894568
