8 0.083031 0.835758 0.035150 0.063739
5 0.106195 0.249597 0.108751 0.096262
1 0.412268 0.732899 0.022506 0.041652
6 0.368214 0.257175 0.051768 0.188482
1 0.807304 0.022010 0.040552 0.044021
1 0.462964 0.219612 0.022260 0.036540
1 0.604402 0.017867 0.020463 0.035734
1 0.552741 0.293641 0.019806 0.027227
1 0.593196 0.346699 0.021879 0.033938
6 0.828942 0.221616 0.031676 0.109831
1 0.405419 0.365082 0.022216 0.030678
1 0.388437 0.017300 0.026607 0.034599
6 0.504514 0.316159 0.031207 0.114678
1 0.630453 0.026811 0.019365 0.033257
1 0.983157 0.223919 0.032661 0.056575
1 0.236387 0.501267 0.021452 0.044998
1 0.566164 0.064782 0.019770 0.034393
1 0.619913 0.223965 0.016279 0.025936
1 0.517573 0.093697 0.014780 0.029768
1 0.490939 0.235040 0.016296 0.028717
1 0.503373 0.050056 0.012713 0.022551
1 0.521862 0.323569 0.018241 0.035398
1 0.653971 0.309691 0.015628 0.025574
1 0.671061 0.622881 0.033110 0.044543
