2 0.775259 0.614035 0.018617 0.029032
2 0.465464 0.681694 0.012979 0.020222
2 0.737900 0.179197 0.018617 0.029032
2 0.274079 0.406025 0.010852 0.020264
1 0.429883 0.419125 0.021146 0.028824
2 0.806978 0.432331 0.018617 0.029032
2 0.799228 0.612785 0.021440 0.039060
3 0.706199 0.541931 0.108555 0.151630
1 0.473939 0.659100 0.021852 0.062653
2 0.432331 0.905382 0.013682 0.027764
2 0.865486 0.120299 0.018617 0.029032
1 0.601876 0.655968 0.019737 0.028824
7 0.355518 0.510604 0.050047 0.083958
2 0.564074 0.980387 0.018617 0.029032
2 0.270557 0.832715 0.013677 0.021514
1 0.480288 0.729275 0.016201 0.035088
7 0.359375 0.303257 0.050047 0.083958
2 0.517626 0.692986 0.012982 0.022759
1 0.588130 0.709852 0.016214 0.041352
2 0.756931 0.230576 0.018617 0.029032
2 0.300518 0.409778 0.011568 0.022759
2 0.883456 0.401618 0.027776 0.037782
2 0.477797 0.981201 0.013682 0.027764
1 0.422835 0.390928 0.018326 0.040097
2 0.199362 0.524435 0.012266 0.021500
1 0.514117 0.427896 0.016214 0.023810
2 0.316378 0.468671 0.014396 0.018991
1 0.599762 0.452331 0.015508 0.035088
2 0.636396 0.677947 0.013682 0.027764
2 0.461583 0.947368 0.013682 0.027764
2 0.556038 0.921053 0.018617 0.029032
1 0.454906 0.402836 0.023260 0.031329
2 0.398138 0.657264 0.013672 0.021491
2 0.277259 0.315794 0.011576 0.022764
1 0.175418 0.672257 0.028195 0.043856
2 0.854559 0.600873 0.019320 0.035292
6 0.668478 0.126641 0.109560 0.244403
1 0.387238 0.492433 0.027492 0.050125
2 0.180333 0.372181 0.014396 0.018991
2 0.509165 0.604627 0.010159 0.023986
2 0.372029 0.778431 0.020786 0.037694
1 0.298007 0.046405 0.024690 0.042875
1 0.502840 0.332032 0.021852 0.025065
2 0.431630 0.564535 0.014396 0.018986
2 0.807684 0.502507 0.018617 0.029032
