2 0.526822 0.871255 0.009992 0.018611
2 0.892350 0.851824 0.009992 0.018611
2 0.568111 0.631618 0.009992 0.018616
2 0.027712 0.599954 0.009992 0.018611
2 0.886277 0.562532 0.009992 0.018611
2 0.507392 0.838870 0.009992 0.018611
2 0.682262 0.779141 0.009992 0.018616
2 0.845393 0.733806 0.009995 0.018611
2 0.560014 0.989993 0.009992 0.018616
2 0.294066 0.733806 0.009992 0.018611
2 0.025689 0.904356 0.009992 0.018611
2 0.110694 0.863338 0.009992 0.018611
2 0.583897 0.273241 0.009992 0.018611
2 0.608993 0.864778 0.009992 0.018611
2 0.495247 0.765468 0.009995 0.018611
2 0.587540 0.914433 0.009992 0.018616
2 0.830822 0.343764 0.009992 0.018611
2 0.744194 0.613627 0.009992 0.018616
2 0.709788 0.420764 0.009992 0.018611
2 0.888707 0.557495 0.009992 0.018611
2 0.495574 0.890285 0.009992 0.018616
2 0.682262 0.745319 0.009992 0.018611
2 0.152793 0.792095 0.009992 0.018616
2 0.403764 0.356718 0.009992 0.018611
2 0.472174 0.825917 0.009995 0.018611
2 0.315457 0.892356 0.009992 0.018611
2 0.214322 0.710775 0.009992 0.018616
3 0.847805 0.321352 0.103276 0.099852
2 0.438172 0.571169 0.009995 0.018616
2 0.793579 0.556775 0.009992 0.018616
2 0.304996 0.645289 0.009992 0.018616
2 0.749457 0.643132 0.009992 0.018616
2 0.115552 0.776984 0.009995 0.018616
2 0.437362 0.449551 0.009995 0.018611
2 0.657975 0.834553 0.009992 0.018616
2 0.523988 0.773384 0.009992 0.018611
2 0.148746 0.749637 0.009992 0.018616
2 0.523178 0.821600 0.009992 0.018616
2 0.595232 0.715815 0.009995 0.018611
2 0.821105 0.510718 0.009992 0.018611
2 0.467723 0.513597 0.009992 0.018611
2 0.183152 0.481933 0.009992 0.018616
2 0.193272 0.734523 0.009992 0.018611
2 0.075882 0.853264 0.009992 0.018611
2 0.516702 0.286194 0.009992 0.018611
2 0.543418 0.792815 0.009992 0.018611
2 0.360047 0.820160 0.009995 0.018616
2 0.493223 0.361037 0.009992 0.018611
2 0.544228 0.356718 0.009992 0.018611
2 0.070215 0.664000 0.009992 0.018611
2 0.098551 0.710775 0.009992 0.018616
2 0.616686 0.304905 0.009992 0.018616
2 0.563658 0.725169 0.009992 0.018616
2 0.648259 0.781301 0.009992 0.018611
2 0.515487 0.316419 0.009995 0.018616
2 0.306210 0.569729 0.009992 0.018616
2 0.828392 0.404213 0.009992 0.018611
2 0.502569 0.927590 0.009992 0.018616
2 0.549085 0.842468 0.009992 0.018611
2 0.196512 0.742440 0.009992 0.018611
2 0.317543 0.570449 0.009992 0.018611
2 0.721931 0.710775 0.009992 0.018616
2 0.564063 0.936741 0.009995 0.018611
2 0.560824 0.628738 0.009992 0.018616
2 0.777388 0.716535 0.009995 0.018616
2 0.292447 0.584840 0.009992 0.018616
2 0.775770 0.440914 0.009992 0.018616
2 0.653926 0.926667 0.009992 0.018611
1 0.296888 0.797880 0.008906 0.030222
2 0.338592 0.637375 0.009992 0.018611
2 0.163316 0.483373 0.009992 0.018616
2 0.475413 0.841750 0.009992 0.018611
2 0.169794 0.703579 0.009995 0.018611
2 0.101384 0.550299 0.009992 0.018616
2 0.710598 0.400616 0.009992 0.018611
2 0.803296 0.536625 0.009992 0.018611
2 0.358592 0.992303 0.009992 0.015394
2 0.872514 0.824479 0.009992 0.018616
2 0.123647 0.797132 0.009992 0.018616
2 0.337608 0.865417 0.009992 0.018611
2 0.707358 0.720852 0.009992 0.018611
2 0.495652 0.859741 0.009992 0.018611
2 0.413480 0.831676 0.009992 0.018611
2 0.273421 0.670477 0.009992 0.018611
2 0.747029 0.409970 0.009995 0.018616
2 0.553941 0.789935 0.009992 0.018611
2 0.513059 0.548139 0.009992 0.018611
2 0.577826 0.959769 0.009995 0.018611
2 0.580254 0.892123 0.009992 0.018616
2 0.364095 0.834553 0.009992 0.018616
2 0.385145 0.754674 0.009992 0.018616
2 0.571348 0.961208 0.009992 0.018611
2 0.296090 0.494887 0.009992 0.018616
2 0.861991 0.829516 0.009992 0.018616
2 0.628829 0.364634 0.009992 0.018611
2 0.605350 0.775544 0.009992 0.018616
2 0.589970 0.745319 0.009992 0.018611
2 0.884658 0.888525 0.009992 0.018616
2 0.324829 0.514317 0.009992 0.018616
2 0.545038 0.332970 0.009992 0.018616
2 0.161293 0.728049 0.009992 0.018616
2 0.653926 0.820160 0.009992 0.018616
7 0.148859 0.596044 0.077635 0.097199
1 0.207835 0.564359 0.015383 0.019431
2 0.579040 0.851824 0.009992 0.018611
2 0.535322 0.759711 0.009992 0.018616
2 0.200559 0.592757 0.009992 0.018616
2 0.058882 0.656083 0.009992 0.018611
2 0.415134 0.864380 0.009992 0.018611
2 0.110694 0.697824 0.009992 0.018611
2 0.757957 0.405653 0.009992 0.018611
2 0.639759 0.825917 0.009992 0.018611
2 0.291233 0.720852 0.009992 0.018611
2 0.390811 0.359597 0.009992 0.018611
2 0.353569 0.705738 0.009992 0.018616
2 0.180319 0.748197 0.009992 0.018616
2 0.880611 0.856861 0.009992 0.018611
2 0.555158 0.299868 0.009992 0.018616
2 0.851871 0.387662 0.009992 0.018611
2 0.506582 0.789935 0.009992 0.018611
2 0.196105 0.705019 0.009992 0.018611
2 0.453022 0.842618 0.009992 0.018616
2 0.297710 0.946815 0.009992 0.018611
2 0.382311 0.560373 0.009992 0.018616
2 0.513462 0.571887 0.009992 0.018616
2 0.507232 0.896502 0.009995 0.018616
3 0.605466 0.498044 0.190609 0.144042
2 0.785889 0.643132 0.009992 0.018616
7 0.385740 0.607424 0.074620 0.095005
2 0.235775 0.562532 0.009992 0.018611
2 0.535322 0.332250 0.009992 0.018611
2 0.405384 0.379745 0.009992 0.018611
2 0.454768 0.765468 0.009995 0.018611
2 0.755934 0.384065 0.009992 0.018611
2 0.840132 0.607870 0.009992 0.018611
2 0.540988 0.763310 0.009992 0.018611
2 0.828797 0.620102 0.009995 0.018611
7 0.329333 0.494863 0.074620 0.095005
2 0.474199 0.539505 0.009992 0.018611
2 0.466428 0.927590 0.009992 0.018616
2 0.885467 0.696384 0.009992 0.018611
2 0.291637 0.766907 0.009992 0.018611
2 0.220255 0.412905 0.027839 0.036968
2 0.311066 0.393419 0.009992 0.018616
2 0.564872 0.654646 0.009995 0.018616
2 0.374215 0.936741 0.009992 0.018611
2 0.113124 0.762590 0.009992 0.018616
2 0.239418 0.683431 0.009992 0.018611
2 0.536538 0.829516 0.009992 0.018616
1 0.269362 0.857250 0.016193 0.030944
2 0.411456 0.966965 0.009995 0.018616
2 0.142673 0.555336 0.009992 0.018616
2 0.053215 0.618664 0.009992 0.018616
2 0.463673 0.542382 0.009992 0.018616
2 0.635306 0.880609 0.009992 0.018616
2 0.830822 0.457465 0.009992 0.018616
2 0.659594 0.795692 0.009995 0.018616
2 0.581874 0.446671 0.009992 0.018611
2 0.248728 0.681991 0.009992 0.018611
2 0.478651 0.513597 0.009995 0.018611
2 0.612637 0.946815 0.009992 0.018611
2 0.128507 0.579803 0.009992 0.018616
2 0.291637 0.632338 0.009992 0.018611
2 0.295280 0.309942 0.009992 0.018616
2 0.186796 0.612187 0.009992 0.018616
2 0.031759 0.695664 0.009992 0.018616
2 0.534512 0.621542 0.009992 0.018611
2 0.303376 0.718692 0.009992 0.018616
2 0.543013 0.726609 0.009995 0.018616
2 0.524798 0.894282 0.009992 0.018611
2 0.536132 0.352400 0.009992 0.018616
2 0.101788 0.568289 0.009992 0.018616
2 0.419551 0.551019 0.009992 0.018611
2 0.157650 0.498486 0.009992 0.018611
2 0.280303 0.636655 0.009992 0.018616
2 0.119600 0.712935 0.009992 0.018611
2 0.113124 0.706458 0.009992 0.018611
2 0.893564 0.861900 0.009992 0.018616
2 0.568514 0.725169 0.009992 0.018616
2 0.636116 0.940340 0.009992 0.018616
2 0.320376 0.549579 0.009992 0.018611
2 0.387573 0.538065 0.009995 0.018611
2 0.691572 0.709338 0.009992 0.018611
2 0.615876 0.923787 0.009992 0.018611
2 0.168176 0.496326 0.009992 0.018616
2 0.619113 0.720852 0.009992 0.018611
2 0.266134 0.577646 0.009992 0.018616
2 0.253587 0.573326 0.009992 0.018616
2 0.560014 0.915153 0.009992 0.018611
2 0.829607 0.887086 0.009995 0.018616
2 0.268564 0.604271 0.009992 0.018616
2 0.454768 0.563972 0.009995 0.018611
2 0.323210 0.755394 0.009992 0.018611
2 0.699263 0.421484 0.009995 0.018616
2 0.292850 0.432998 0.009992 0.018616
2 0.415785 0.780197 0.021003 0.027995
2 0.903684 0.823039 0.009992 0.018616
2 0.429124 0.865414 0.009992 0.018616
2 0.204607 0.720852 0.009995 0.018611
2 0.335759 0.247333 0.009992 0.018611
2 0.147936 0.703579 0.009992 0.018611
2 0.748243 0.707898 0.009992 0.018611
2 0.281517 0.610028 0.009992 0.018611
2 0.378668 0.807208 0.009992 0.018611
2 0.377827 0.983549 0.009992 0.018616
2 0.832845 0.608590 0.009992 0.018616
2 0.785889 0.659683 0.009992 0.018616
2 0.452340 0.521514 0.009992 0.018611
2 0.876158 0.537345 0.009992 0.018616
2 0.470960 0.564690 0.009992 0.018611
7 0.895152 0.752602 0.053237 0.069981
2 0.454768 0.945377 0.009995 0.018616
2 0.649879 0.727329 0.009992 0.018611
2 0.569730 0.756833 0.009992 0.018611
2 0.405788 0.676234 0.009992 0.018616
1 0.336559 0.587389 0.017003 0.033824
2 0.520345 0.385505 0.009992 0.018611
2 0.547061 0.313539 0.009992 0.018616
2 0.844585 0.330093 0.009992 0.018611
2 0.672547 0.807208 0.009995 0.018611
2 0.518725 0.419326 0.009992 0.018616
2 0.431454 0.892356 0.009992 0.018611
2 0.167366 0.769787 0.009992 0.018611
2 0.462863 0.765468 0.009992 0.018611
2 0.139030 0.566850 0.009992 0.018616
2 0.883038 0.905076 0.009992 0.018616
2 0.903684 0.700701 0.009992 0.018616
2 0.536941 0.271081 0.009992 0.018616
2 0.640163 0.715815 0.009992 0.018611
2 0.224038 0.702861 0.009992 0.018611
2 0.596447 0.307782 0.009992 0.018611
2 0.548275 0.382625 0.009992 0.018611
2 0.195702 0.528711 0.009992 0.018616
2 0.500915 0.369671 0.009992 0.018611
2 0.623973 0.861900 0.009992 0.018616
2 0.217965 0.687748 0.009992 0.018616
2 0.466103 0.248773 0.009992 0.018611
2 0.454768 0.361755 0.009995 0.018611
2 0.327259 0.936741 0.009992 0.018611
2 0.102598 0.756833 0.009992 0.018611
2 0.241038 0.542382 0.009992 0.018616
2 0.604542 0.833833 0.009995 0.018611
2 0.766460 0.658243 0.009992 0.018616
2 0.622757 0.763310 0.009992 0.018611
2 0.899230 0.884928 0.009992 0.018616
2 0.365309 0.741720 0.009992 0.018616
2 0.320376 0.526551 0.009992 0.018611
2 0.698858 0.661843 0.009992 0.018611
2 0.882230 0.430120 0.009992 0.018611
2 0.753100 0.579803 0.009992 0.018616
2 0.405788 0.943938 0.009992 0.018616
2 0.496462 0.326493 0.009992 0.018616
2 0.373810 0.278998 0.009995 0.018616
2 0.232941 0.694944 0.009992 0.018611
2 0.855513 0.729486 0.009995 0.018611
2 0.531678 0.823759 0.009992 0.018611
2 0.411861 0.559653 0.009992 0.018611
2 0.445053 0.381185 0.009992 0.018611
2 0.483103 0.538065 0.009992 0.018611
2 0.209465 0.607150 0.009992 0.018616
2 0.458850 0.846762 0.009992 0.018616
2 0.277470 0.538065 0.009992 0.018611
2 0.858348 0.299148 0.009992 0.018611
2 0.273017 0.753954 0.009992 0.018611
2 0.636926 0.900039 0.009992 0.018616
2 0.372595 0.830236 0.009992 0.018611
2 0.361665 0.529431 0.009992 0.018611
2 0.342641 0.915153 0.009995 0.018611
2 0.449100 0.353120 0.009992 0.018611
2 0.163723 0.861181 0.009992 0.018611
2 0.490389 0.358877 0.009992 0.018616
2 0.398098 0.550299 0.009992 0.018616
2 0.848880 0.665164 0.019318 0.026903
2 0.442220 0.535905 0.009992 0.018616
2 0.459626 0.349521 0.009992 0.018616
2 0.413480 0.447391 0.009992 0.018616
2 0.679025 0.720852 0.009992 0.018611
2 0.470960 0.951852 0.009992 0.018611
2 0.309853 0.541662 0.009992 0.018611
2 0.844585 0.533748 0.009992 0.018616
2 0.547061 0.738123 0.009992 0.018616
2 0.196105 0.456745 0.009992 0.018611
2 0.071025 0.825917 0.009992 0.018611
2 0.339402 0.509280 0.009992 0.018616
2 0.508605 0.992502 0.009992 0.014995
2 0.548681 0.908676 0.009992 0.018611
2 0.591993 0.382625 0.009992 0.018611
2 0.236181 0.346644 0.009992 0.018611
2 0.283947 0.779141 0.009992 0.018616
2 0.235371 0.330813 0.009992 0.018616
2 0.514678 0.883488 0.009992 0.018616
2 0.527632 0.952572 0.009992 0.018616
2 0.890326 0.833833 0.009995 0.018611
2 0.522775 0.563972 0.009992 0.018611
2 0.617900 0.566850 0.009992 0.018616
2 0.163723 0.535905 0.009992 0.018616
2 0.455578 0.535905 0.009995 0.018616
2 0.904493 0.877012 0.009992 0.018616
2 0.067788 0.483373 0.009992 0.018616
2 0.088026 0.892123 0.009995 0.018616
2 0.555158 0.655366 0.009992 0.018611
2 0.321996 0.709338 0.009992 0.018611
2 0.366525 0.238699 0.009992 0.018611
1 0.311461 0.822347 0.020240 0.027343
2 0.818272 0.812963 0.009992 0.018611
2 0.155223 0.543822 0.009992 0.018616
2 0.156031 0.530868 0.009995 0.018616
2 0.383525 0.265324 0.009992 0.018611
2 0.560824 0.314259 0.009992 0.018611
