1 0.33579296875000003153 0.31848148148148153203 0.07732552083333335546 0.09730555555555553404
1 0.51259505208333344672 0.83359027777777783275 0.09904427083333337822 0.15754166666666666319
1 0.77106640625000000266 0.13622685185185184897 0.06689843750000008804 0.09112962962962962987
1 0.73544531249999989253 0.28527546296296291128 0.07210937500000001721 0.07105092592592589240
1 0.45395052083333337078 0.10533564814814815047 0.07037500000000000699 0.10348611111111112593
8 0.35881510416666662078 0.42273842592592592027 0.02780208333333333143 0.02780092592592590603
8 0.79886328125000005684 0.85289814814814812749 0.03039843750000000358 0.08186111111111118999
8 0.02084895833333333393 0.80656018518518524107 0.03822916666666666824 0.08186111111111107896
8 0.40095442708333334236 0.19337268518518518912 0.04430989583333335563 0.04479166666666666713
8 0.77150130208333322912 0.90541203703703709849 0.04691406250000002692 0.07876851851851857100
8 0.64074479166666664653 0.40883796296296298634 0.04257291666666666863 0.05869444444444443104
8 0.31972005208333331705 0.44127314814814816435 0.03822656249999999145 0.05560185185185186063
