6 0.527529 0.345926 0.111639 0.179209
6 0.515201 0.523568 0.056604 0.162949
1 0.588381 0.053756 0.051220 0.065543
7 0.848669 0.045857 0.063171 0.065360
1 0.651392 0.187229 0.040349 0.058343
2 0.389063 0.974493 0.024427 0.040339
6 0.793654 0.484026 0.198850 0.283568
1 0.781480 0.051477 0.027012 0.044752
6 0.641506 0.280297 0.069211 0.158319
1 0.518914 0.026272 0.018514 0.033677
3 0.434560 0.058844 0.156970 0.117688
1 0.527242 0.193380 0.023434 0.043217
1 0.508524 0.208353 0.019262 0.039749
1 0.429165 0.102325 0.016947 0.031830
1 0.455866 0.207732 0.019890 0.032836
1 0.677700 0.885801 0.023927 0.043559
1 0.557101 0.196674 0.020403 0.032497
1 0.952233 0.469601 0.094039 0.163396
1 0.403493 0.087886 0.020448 0.035849
1 0.325301 0.258069 0.019106 0.032208
