1 0.36936588541666665053 0.07254166666666667096 0.06728385416666664287 0.08325925925925926896
1 0.66355989583333330195 0.64773842592592589806 0.04881250000000001560 0.13133796296296298967
1 0.76283593750000000533 0.71282175925925927995 0.09564583333333326332 0.11609722222222221277
1 0.49667447916666668251 0.80018518518518522153 0.07915625000000001132 0.12664814814814823185
1 0.27668750000000003064 0.16283564814814815991 0.11147916666666664309 0.07153240740740740566
8 0.42906249999999995781 0.21443287037037034315 0.07849479166666663288 0.08794907407407405453
8 0.19753124999999999156 0.92507638888888887863 0.09960416666666667418 0.14658796296296300321
8 0.56263802083333325221 0.08250694444444445219 0.06728125000000002853 0.05159722222222222487
8 0.79284895833333335347 0.15755787037037036202 0.04089583333333332571 0.04456018518518518184
8 0.50063151041666664742 0.70519907407407411704 0.06464322916666667695 0.05862962962962957325
