2 0.321000 0.898965 0.007292 0.015542
2 0.877186 0.708981 0.011174 0.019000
2 0.399206 0.577720 0.011177 0.018995
2 0.664913 0.911919 0.011174 0.018995
7 0.655198 0.210708 0.038823 0.043583
2 0.838326 0.551812 0.011177 0.018995
2 0.307401 0.924870 0.007292 0.015546
2 0.464297 0.903282 0.011177 0.019000
2 0.427866 0.591537 0.011174 0.019000
2 0.495871 0.601900 0.011174 0.018995
2 0.383663 0.806563 0.011174 0.018995
2 0.594479 0.957688 0.011177 0.018995
7 0.405521 0.423144 0.038823 0.043583
2 0.814038 0.771160 0.011174 0.018995
2 0.300599 0.789294 0.011177 0.018995
2 0.513844 0.692572 0.011177 0.018995
2 0.285540 0.720206 0.011174 0.018995
2 0.384148 0.648532 0.011177 0.019000
2 0.510930 0.877377 0.011177 0.018995
2 0.641596 0.547498 0.011177 0.018995
2 0.226279 0.893782 0.007292 0.015546
2 0.521130 0.530225 0.011177 0.018995
2 0.322944 0.383419 0.011174 0.018995
2 0.816467 0.591537 0.011174 0.019000
2 0.673656 0.628669 0.011177 0.018995
2 0.612452 0.487049 0.011174 0.018995
2 0.267082 0.731433 0.011174 0.018995
2 0.581362 0.525905 0.010203 0.017264
2 0.790721 0.912780 0.011177 0.018995
2 0.703773 0.573403 0.011177 0.019000
2 0.693086 0.902419 0.011177 0.018995
2 0.329259 0.549225 0.011174 0.018995
2 0.278255 0.864424 0.007292 0.015542
7 0.724909 0.265113 0.046120 0.059125
2 0.540076 0.630396 0.011177 0.018995
2 0.635768 0.540588 0.011177 0.019000
2 0.558534 0.579447 0.011177 0.018995
2 0.562419 0.655442 0.011177 0.018995
7 0.645987 0.295882 0.083510 0.099718
2 0.589621 0.852331 0.011174 0.018995
2 0.701831 0.491363 0.011177 0.018995
2 0.493443 0.795336 0.011177 0.018995
2 0.734861 0.730572 0.011174 0.018995
2 0.220936 0.601037 0.011174 0.019000
2 0.533760 0.591537 0.011177 0.019000
2 0.543961 0.784975 0.011177 0.018995
1 0.459906 0.712431 0.034974 0.039722
2 0.540560 0.661484 0.011177 0.018995
2 0.307400 0.627808 0.011174 0.018995
2 0.319057 0.558722 0.011177 0.019000
2 0.727576 0.481002 0.011177 0.018995
2 0.779065 0.698618 0.011177 0.018995
2 0.454096 0.895509 0.011177 0.019000
2 0.599822 0.888600 0.011174 0.018995
2 0.584763 0.582900 0.011177 0.018995
2 0.346746 0.524178 0.011174 0.018995
2 0.310799 0.591537 0.011177 0.019000
2 0.183047 0.715891 0.011177 0.018995
2 0.598850 0.484456 0.011174 0.018995
2 0.554647 0.385146 0.011174 0.018995
2 0.383663 0.506044 0.011174 0.018995
2 0.804809 0.799655 0.011174 0.018995
2 0.817439 0.687391 0.011174 0.018995
2 0.523560 0.765113 0.011177 0.018995
5 0.526527 0.138912 0.044122 0.033102
2 0.330716 0.563039 0.011177 0.018995
2 0.278255 0.576859 0.011177 0.018995
2 0.373462 0.622627 0.011174 0.018995
2 0.920904 0.707255 0.011177 0.019000
2 0.235509 0.355785 0.011174 0.018995
7 0.485185 0.507773 0.038823 0.043583
2 0.693572 0.563039 0.011174 0.018995
2 0.479841 0.905873 0.011177 0.018995
2 0.333630 0.858377 0.007292 0.015542
2 0.847069 0.912780 0.011174 0.018995
2 0.958306 0.439553 0.011174 0.018995
2 0.310799 0.413646 0.011177 0.018995
2 0.944706 0.416234 0.011177 0.018995
8 0.562530 0.974139 0.028872 0.051722
2 0.308371 0.481866 0.011174 0.019000
2 0.878158 0.525905 0.011174 0.018995
2 0.519673 0.886873 0.011174 0.018995
7 0.469156 0.476250 0.038823 0.043583
2 0.289913 0.476683 0.011174 0.018995
2 0.555618 0.613127 0.011174 0.018995
2 0.577478 0.787565 0.011174 0.019000
2 0.604680 0.488775 0.011177 0.018995
2 0.350146 0.592400 0.011177 0.018995
2 0.673656 0.786701 0.011177 0.018995
2 0.852898 0.803975 0.011177 0.018995
2 0.349174 0.752160 0.011177 0.018995
2 0.796552 0.404146 0.011177 0.018995
7 0.907595 0.379822 0.056232 0.077338
2 0.174303 0.375648 0.011174 0.019000
2 0.287969 0.612262 0.011177 0.018995
2 0.529388 0.686530 0.011177 0.018995
2 0.298656 0.500002 0.011177 0.018995
2 0.615852 0.862694 0.011177 0.019000
2 0.539589 0.546632 0.011177 0.018995
2 0.763034 0.424007 0.011177 0.018995
2 0.643539 0.716752 0.011177 0.018995
2 0.391921 0.286701 0.011174 0.018995
2 0.383663 0.540588 0.011174 0.019000
2 0.459926 0.663211 0.011174 0.018995
2 0.920904 0.420553 0.011177 0.018995
2 0.616823 0.819516 0.011177 0.018995
2 0.278255 0.621762 0.011177 0.018995
7 0.513844 0.468912 0.038823 0.043583
2 0.690172 0.748706 0.011177 0.018995
2 0.743604 0.715891 0.011177 0.018995
2 0.482271 0.647669 0.011177 0.018995
2 0.562419 0.279794 0.011177 0.018995
2 0.699887 0.586356 0.011174 0.019000
2 0.381719 0.868738 0.011177 0.018995
2 0.479355 0.607947 0.011174 0.018995
2 0.576505 0.572539 0.011177 0.018995
2 0.276313 0.501729 0.011177 0.018995
7 0.065437 0.668602 0.119188 0.120852
2 0.341146 0.860100 0.007292 0.015542
5 0.613405 0.672706 0.017487 0.067356
2 0.575534 0.757340 0.011177 0.018995
2 0.294771 0.620035 0.011177 0.018995
2 0.511415 0.316062 0.011174 0.018995
7 0.392892 0.361831 0.038826 0.043579
2 0.243281 0.653715 0.011177 0.018995
2 0.245708 0.822106 0.007292 0.015546
2 0.174303 0.755613 0.011174 0.018995
7 0.616339 0.246113 0.038823 0.043579
2 0.193734 0.144215 0.011177 0.018995
7 0.655431 0.761581 0.083508 0.099718
2 0.340431 0.778067 0.011174 0.018995
2 0.270483 0.715025 0.011174 0.018995
2 0.296714 0.563905 0.011177 0.018995
2 0.285055 0.598447 0.011177 0.018995
2 0.190818 0.759067 0.011177 0.018995
2 0.688715 0.789294 0.011174 0.018995
2 0.892730 0.842833 0.011174 0.019000
