6 0.116062 0.199080 0.131926 0.291241
1 0.421719 0.089331 0.023368 0.051284
1 0.332028 0.096482 0.021053 0.049260
6 0.261845 0.420156 0.054917 0.170520
6 0.656656 0.058252 0.086500 0.116503
1 0.504091 0.145708 0.021615 0.044029
2 0.847014 0.810918 0.031331 0.050021
7 0.278966 0.291390 0.098752 0.113420
1 0.606743 0.050245 0.032348 0.060823
1 0.404768 0.052070 0.024916 0.044453
1 0.601552 0.179454 0.025453 0.045455
1 0.584151 0.773041 0.049232 0.105912
1 0.543955 0.087995 0.021941 0.041590
6 0.413956 0.715565 0.096772 0.195755
6 0.654260 0.735116 0.049558 0.142519
6 0.245108 0.195630 0.036902 0.123656
1 0.668336 0.692490 0.024421 0.048370
