6 0.688167 0.291528 0.072400 0.173447
7 0.266537 0.148032 0.091502 0.101960
1 0.727681 0.110491 0.029166 0.051190
6 0.260598 0.346566 0.067939 0.160730
1 0.567849 0.261385 0.023782 0.048648
1 0.632856 0.602485 0.040428 0.064223
6 0.314600 0.518052 0.054050 0.171961
6 0.855241 0.407309 0.103724 0.281069
1 0.539812 0.670108 0.021567 0.040532
1 0.620550 0.017715 0.018351 0.034367
1 0.397021 0.531425 0.020076 0.036458
6 0.091701 0.681438 0.110654 0.183971
1 0.491158 0.645413 0.031148 0.050547
1 0.987386 0.031799 0.024111 0.044719
2 0.586206 0.580708 0.029077 0.046280
7 0.152283 0.225747 0.097855 0.107038
1 0.222874 0.374963 0.038407 0.049187
1 0.538968 0.181658 0.022684 0.037370
1 0.447424 0.432214 0.020566 0.037540
1 0.521713 0.221365 0.023274 0.040504
1 0.500811 0.143648 0.015406 0.031970
1 0.363567 0.159160 0.029555 0.038604
1 0.307976 0.646974 0.023374 0.047014
1 0.464058 0.603431 0.024759 0.045327
6 0.637815 0.373443 0.043878 0.126724
1 0.654373 0.913869 0.022519 0.045564
1 0.303093 0.170591 0.016417 0.031577
9 0.504854 0.904628 0.164101 0.190744
1 0.716658 0.894629 0.026609 0.068679
1 0.512986 0.673929 0.018337 0.036407
1 0.315465 0.244348 0.023980 0.045792
1 0.983011 0.348413 0.033077 0.055583
