8 0.825083 0.761677 0.039229 0.080517
8 0.665908 0.764920 0.105236 0.120530
8 0.154451 0.508859 0.071410 0.110512
8 0.270416 0.046588 0.061799 0.068078
8 0.944440 0.318832 0.055331 0.089158
8 0.876275 0.870425 0.033292 0.062466
1 0.514364 0.504613 0.079044 0.091491
1 0.287656 0.179187 0.037578 0.054365
1 0.449787 0.293618 0.083170 0.124372
1 0.405971 0.040842 0.050245 0.060458
6 0.857148 0.304785 0.087666 0.208229
1 0.653490 0.108112 0.024106 0.039145
1 0.124876 0.815886 0.086094 0.151301
1 0.474479 0.709028 0.085938 0.083796
1 0.346994 0.163523 0.029257 0.041152
8 0.435037 0.155273 0.017229 0.028206
1 0.289384 0.419901 0.040928 0.063065
1 0.249126 0.370385 0.027004 0.047159
1 0.467848 0.158236 0.042798 0.078927
8 0.261048 0.551913 0.037615 0.080933
8 0.291929 0.308105 0.025668 0.055208
1 0.384489 0.224348 0.032059 0.065653
1 0.577592 0.132056 0.039120 0.057767
1 0.604422 0.365691 0.048320 0.058010
1 0.267715 0.697451 0.031942 0.046275
