6 0.429912 0.852890 0.049627 0.201524
1 0.522325 0.187109 0.022616 0.046889
6 0.884805 0.398544 0.230391 0.686569
6 0.331794 0.360623 0.054679 0.139830
1 0.210776 0.237701 0.023543 0.042852
1 0.108871 0.255883 0.035530 0.088713
1 0.140435 0.227674 0.028872 0.058861
1 0.577388 0.523114 0.036737 0.075674
1 0.420046 0.054376 0.029984 0.067356
6 0.763722 0.635396 0.084598 0.220756
1 0.219436 0.142426 0.039775 0.058613
1 0.732716 0.235553 0.030088 0.072879
6 0.226570 0.331273 0.107588 0.203206
1 0.371173 0.841596 0.027390 0.063852
