2 0.296652 0.923447 0.011070 0.019671
1 0.215622 0.626542 0.023318 0.077722
2 0.379423 0.790803 0.011070 0.019671
2 0.506496 0.566970 0.011070 0.019671
2 0.434801 0.629146 0.011070 0.019671
2 0.361354 0.714118 0.011068 0.019671
2 0.610837 0.859197 0.011070 0.019671
2 0.536809 0.370076 0.011070 0.019671
2 0.511160 0.037437 0.011070 0.019671
1 0.163452 0.213069 0.019237 0.025907
2 0.307145 0.158678 0.011070 0.019671
1 0.443691 0.027000 0.031159 0.039194
2 0.499501 0.129664 0.011070 0.019671
2 0.381757 0.753498 0.011070 0.019671
2 0.370098 0.251942 0.011070 0.019671
1 0.159081 0.443639 0.022151 0.037306
1 0.326956 0.554002 0.050130 0.077718
1 0.554579 0.249856 0.060039 0.039380
2 0.392249 0.671632 0.011070 0.019671
2 0.433634 0.538988 0.011070 0.019671
2 0.403906 0.468525 0.011068 0.019671
1 0.108367 0.193391 0.055958 0.040394
2 0.615499 0.850905 0.011070 0.019671
2 0.916277 0.515155 0.011070 0.019671
2 0.388168 0.836400 0.011070 0.019671
2 0.091470 0.773188 0.011070 0.019671
2 0.498337 0.183549 0.011070 0.019671
2 0.388168 0.732771 0.011070 0.019671
2 0.789204 0.891322 0.011070 0.019671
2 0.611419 0.027072 0.011068 0.019671
1 0.897616 0.245711 0.045466 0.041449
1 0.145674 0.557630 0.026812 0.037306
2 0.423725 0.467488 0.011070 0.019671
2 0.466859 0.524484 0.011068 0.019671
2 0.427806 0.629146 0.011070 0.019671
2 0.309475 0.938988 0.011070 0.019671
2 0.118285 0.741063 0.011070 0.019671
2 0.472689 0.594947 0.011070 0.019671
2 0.098465 0.573188 0.011070 0.019671
2 0.280331 0.559715 0.011068 0.019671
1 0.690686 0.229650 0.025648 0.042486
2 0.669710 0.917229 0.011070 0.019671
2 0.430720 0.562826 0.011070 0.019671
2 0.293738 0.517229 0.011070 0.019671
1 0.257591 0.035347 0.030312 0.037306
2 0.417313 0.533808 0.011068 0.019671
2 0.792118 0.873706 0.011070 0.019671
2 0.586354 0.079924 0.011068 0.019671
2 0.325215 0.496502 0.011070 0.019671
2 0.403906 0.697539 0.011068 0.019671
2 0.489009 0.501683 0.011070 0.019671
2 0.135772 0.646762 0.011070 0.019671
2 0.266341 0.908937 0.011068 0.019671
2 0.328129 0.916192 0.011070 0.019671
2 0.653388 0.923447 0.011068 0.019671
2 0.607921 0.830183 0.011070 0.019671
2 0.327546 0.434326 0.011070 0.019671
2 0.443543 0.622928 0.011070 0.019671
2 0.297819 0.461271 0.011070 0.019671
2 0.592767 0.382512 0.011070 0.019671
2 0.439462 0.570076 0.011070 0.019671
2 0.433051 0.440544 0.011070 0.019671
1 0.174819 0.583019 0.018654 0.036269
2 0.402158 0.528627 0.011070 0.019671
2 0.514658 0.578368 0.011070 0.019671
1 0.428382 0.797005 0.037305 0.062176
2 0.455785 0.552461 0.011070 0.019671
6 0.839712 0.644500 0.131961 0.275611
1 0.403263 0.593123 0.033021 0.046699
2 0.837001 0.838472 0.011070 0.019667
2 0.136936 0.676812 0.011070 0.019671
2 0.090888 0.582512 0.011068 0.019671
8 0.530616 0.958845 0.039409 0.062801
2 0.201915 0.742595 0.011070 0.019671
2 0.127611 0.631220 0.011070 0.019671
2 0.396910 0.706866 0.011070 0.019667
2 0.719839 0.926553 0.011068 0.019671
2 0.240694 0.392877 0.011070 0.019671
2 0.697105 0.764896 0.011070 0.019671
1 0.716626 0.249338 0.012242 0.036269
2 0.407404 0.511012 0.011068 0.019671
2 0.522819 0.046762 0.011070 0.019671
2 0.291406 0.701683 0.011068 0.019671
2 0.398077 0.504794 0.011070 0.019671
2 0.338621 0.255053 0.011070 0.019671
2 0.578194 0.100648 0.011070 0.019667
2 0.421392 0.260234 0.011070 0.019671
2 0.443543 0.562826 0.011070 0.019671
1 0.212707 0.315660 0.012826 0.052847
2 0.368931 0.733808 0.011070 0.019671
1 0.364263 0.560220 0.027979 0.117097
2 0.388168 0.688211 0.011070 0.019671
2 0.075150 0.582512 0.011070 0.019671
2 0.484928 0.577331 0.011070 0.019671
2 0.314723 0.071632 0.011070 0.019671
2 0.394579 0.558678 0.011070 0.019671
6 0.360736 0.085130 0.093977 0.156620
2 0.497754 0.591840 0.011070 0.019671
2 0.669710 0.888211 0.011070 0.019671
2 0.308310 0.505831 0.011068 0.019671
1 0.254094 0.752965 0.023318 0.059069
1 0.280033 0.238458 0.020404 0.053889
2 0.245939 0.685104 0.011070 0.019671
2 0.379423 0.931738 0.011070 0.019671
2 0.705850 0.903757 0.011070 0.019671
2 0.113621 0.724484 0.011070 0.019671
2 0.382921 0.505831 0.011070 0.019671
2 0.275668 0.721373 0.011070 0.019671
2 0.640564 0.054016 0.011070 0.019671
2 0.412066 0.554535 0.011070 0.019671
2 0.312391 0.050905 0.011068 0.019671
6 0.373060 0.285486 0.135432 0.247796
2 0.880720 0.855053 0.011070 0.019671
2 0.924436 0.530701 0.011070 0.019671
2 0.075733 0.550389 0.011070 0.019667
2 0.629488 0.066451 0.011070 0.019671
1 0.532277 0.061697 0.031435 0.041764
2 0.272754 0.823965 0.011070 0.019671
1 0.542596 0.178738 0.043240 0.056838
2 0.458699 0.628109 0.011070 0.019671
2 0.515823 0.017748 0.011068 0.019671
2 0.241277 0.590803 0.011070 0.019671
2 0.395746 0.473706 0.011070 0.019671
1 0.808432 0.675243 0.022151 0.069431
2 0.865564 0.843655 0.011070 0.019671
1 0.376211 0.367991 0.041385 0.060102
2 0.294322 0.417748 0.011070 0.019671
2 0.483764 0.560752 0.011070 0.019671
2 0.111290 0.583549 0.011070 0.019671
2 0.511160 0.524484 0.011070 0.019671
2 0.905202 0.499613 0.011070 0.019671
2 0.142767 0.664377 0.011070 0.019671
2 0.308892 0.140025 0.011070 0.019671
