2 0.64765104166666664920 0.44844675925925925331 0.02943749999999999145 0.04088425925925923132
2 0.69319010416666659857 0.68068518518518517091 0.02483854166666669624 0.04415740740740745768
2 0.88132161458333335702 0.92519212962962960045 0.03863802083333330722 0.07523611111111110084
2 0.05427473958333333542 0.49751157407407409217 0.03127864583333333365 0.04416203703703697886
2 0.48067838541666668695 0.77145601851851852704 0.02115885416666666782 0.03925462962962961155
2 0.48987760416666670249 0.56620138888888882356 0.02299999999999998226 0.03761574074074074125
2 0.34222395833333330017 0.94154629629629627008 0.03679687499999998584 0.05887962962962955266
2 0.79024609374999998934 0.54984722222222226495 0.03127864583333336834 0.04088888888888885659
2 0.19410937500000000067 0.40919444444444447173 0.03311979166666668278 0.04088888888888885659
2 0.29806510416666670560 0.37157870370370371660 0.03311979166666668278 0.04742592592592594775
