1 0.70672916666666674157 0.64206481481481492146 0.03148437500000002276 0.07512037037037036513
1 0.30076432291666665986 0.87551851851851847375 0.03148177083333335985 0.10015740740740737558
1 0.86165885416666665453 0.36516203703703703498 0.02651041666666671334 0.06627777777777781043
1 0.53647265625000006839 0.69803472222222229249 0.02071093750000005049 0.05449537037037028436
1 0.42504036458333332993 0.83648842592592598244 0.02816927083333335344 0.08984722222222218946
7 0.42048307291666664476 0.30771990740740740033 0.05053906250000004402 0.05155092592592593753
7 0.49007552083333333348 0.04186342592592592199 0.05716666666666666424 0.05596759259259258962
6 0.63464973958333337212 0.53601620370370373081 0.10604947916666666863 0.31372685185185178458
6 0.82313281250000003286 0.18473379629629629872 0.14830208333333333437 0.27984722222222224719
3 0.22247005208333334170 0.36590509259259257346 0.16818489583333334769 0.10606018518518520177
