2 0.451010 0.583958 0.015656 0.028093
2 0.535948 0.833954 0.015656 0.028093
2 0.620889 0.587720 0.015654 0.028088
2 0.499648 0.684211 0.015656 0.028088
1 0.441867 0.424137 0.021146 0.063912
1 0.677077 0.052049 0.016576 0.031569
1 0.713600 0.434162 0.035951 0.063907
2 0.240250 0.651630 0.015656 0.028093
2 0.352327 0.182958 0.015654 0.028093
1 0.139180 0.336620 0.032151 0.057880
2 0.539121 0.963660 0.015654 0.028088
1 0.676241 0.758097 0.034539 0.052630
2 0.365014 0.729324 0.015654 0.028093
2 0.368188 0.887208 0.026229 0.068176
1 0.334724 0.313863 0.029604 0.046366
1 0.654038 0.865238 0.045112 0.061403
2 0.425635 0.690477 0.015656 0.028093
2 0.649083 0.986711 0.015656 0.026579
2 0.372768 0.585213 0.015656 0.028093
6 0.951557 0.506479 0.096885 0.234264
6 0.311036 0.720181 0.082635 0.164093
2 0.687853 0.644111 0.015654 0.028093
2 0.256936 0.700748 0.030461 0.046875
3 0.797240 0.514181 0.151786 0.176954
1 0.801711 0.382155 0.028901 0.050125
1 0.534783 0.303537 0.030174 0.046093
2 0.788652 0.794486 0.015654 0.028093
1 0.584201 0.342993 0.020208 0.032838
1 0.241678 0.140928 0.036654 0.038847
2 0.537008 0.677944 0.015656 0.028093
1 0.781790 0.311889 0.048352 0.082454
2 0.396030 0.561403 0.015654 0.028093
2 0.479206 0.731829 0.015656 0.028093
2 0.302285 0.677315 0.025534 0.036852
1 0.355165 0.900954 0.033836 0.067667
1 0.759280 0.351775 0.031289 0.056144
2 0.226504 0.666049 0.019180 0.036884
1 0.974056 0.332657 0.022555 0.041352
1 0.281857 0.781907 0.025375 0.045111
1 0.578263 0.057595 0.023260 0.057644
2 0.242368 0.813294 0.022711 0.038134
1 0.207492 0.450454 0.020443 0.066417
1 0.704085 0.125891 0.026784 0.036338
1 0.418605 0.099576 0.015508 0.031329
2 0.680803 0.276942 0.015654 0.028088
2 0.473568 0.753134 0.015656 0.028093
2 0.414357 0.624060 0.015656 0.028093
1 0.694072 0.065289 0.021305 0.038856
2 0.319902 0.617794 0.015654 0.028088
2 0.459470 0.593986 0.015654 0.028093
2 0.671641 0.788222 0.015656 0.028093
2 0.436913 0.273183 0.015654 0.028088
2 0.373473 0.699250 0.015654 0.028093
2 0.660362 0.659148 0.015656 0.028093
2 0.355852 0.234336 0.015656 0.028088
2 0.216284 0.528822 0.015656 0.028088
2 0.389691 0.667292 0.017076 0.051898
2 0.384047 0.735588 0.015656 0.028093
2 0.610315 0.320801 0.015656 0.028093
2 0.611725 0.565162 0.015654 0.028093
2 0.783013 0.132833 0.015656 0.028093
1 0.240973 0.491181 0.019737 0.060148
2 0.823896 0.656641 0.015656 0.028088
2 0.428454 0.598998 0.015654 0.028088
2 0.661772 0.943609 0.015654 0.028088
1 0.435977 0.308762 0.029703 0.037634
2 0.665297 0.344611 0.015656 0.028093
1 0.659184 0.119604 0.023227 0.039431
1 0.695372 0.794444 0.025026 0.060454
1 0.769639 0.067620 0.029607 0.045111
2 0.439027 0.709273 0.015654 0.028093
2 0.945137 0.776951 0.019883 0.038134
2 0.586349 0.587720 0.015656 0.028088
2 0.348098 0.619046 0.015654 0.028093
1 0.866742 0.106081 0.038359 0.055245
1 0.552087 0.036873 0.018523 0.036060
1 0.521128 0.039757 0.025000 0.042644
2 0.425635 0.621556 0.015656 0.028093
1 0.473586 0.440428 0.018328 0.056394
1 0.384771 0.763736 0.018328 0.041352
2 0.625823 0.558898 0.015656 0.028093
