6 0.643241 0.846222 0.101938 0.217267
6 0.504333 0.696725 0.070308 0.182109
6 0.518127 0.183338 0.071800 0.163408
6 0.738051 0.823187 0.090556 0.171701
6 0.329763 0.251607 0.051043 0.150005
1 0.355955 0.100575 0.017563 0.033866
3 0.497511 0.449719 0.116406 0.139486
1 0.842632 0.470228 0.020760 0.042511
6 0.111888 0.669544 0.064787 0.166983
2 0.430497 0.729727 0.020417 0.030501
1 0.361609 0.265726 0.016051 0.037459
1 0.569056 0.055717 0.015250 0.028398
6 0.362601 0.063887 0.067175 0.127775
1 0.543846 0.054633 0.019040 0.031044
