1 0.56993619791666660923 0.47139351851851851727 0.04865364583333331439 0.08803703703703702477
1 0.31963802083333331394 0.30469675925925926441 0.06088541666666665714 0.05647685185185185447
1 0.47615625000000000311 0.42117592592592595357 0.08007812500000000000 0.07529629629629629173
1 0.70069401041666667940 0.79652083333333334458 0.10860156249999992906 0.22241203703703707473
6 0.69895572916666659502 0.12618518518518517801 0.13466666666666676777 0.19770370370370368707
8 0.23988932291666667518 0.71649305555555553582 0.09463802083333335002 0.12942129629629636756
8 0.13664583333333332749 0.85120601851851851460 0.06684374999999999345 0.10942129629629625265
8 0.84577994791666666341 0.85297222222222224275 0.07015364583333330573 0.08236111111111105165
8 0.86894270833333331350 0.13115509259259258701 0.07015104166666658037 0.07412500000000001033
8 0.95762630208333332504 0.12762500000000001621 0.03309114583333337689 0.07176851851851852315
