9 0.88216666666666665453 0.57721990740740747317 0.04087500000000000855 0.04637500000000003425
8 0.67216406250000004796 0.25181018518518516469 0.03826041666666668561 0.05719444444444442971
8 0.59216536458333335347 0.54553009259259255259 0.05217447916666675956 0.07883796296296294304
8 0.62510677083333332504 0.62739351851851854480 0.03561979166666671970 0.09112962962962958824
8 0.75694661458333334370 0.12427314814814814647 0.03043489583333342310 0.06183333333333332349
8 0.78216536458333330017 0.42340277777777773904 0.04434635416666665719 0.07574999999999999789
8 0.05607812499999999256 0.78282407407407406108 0.03391145833333333165 0.06801851851851845043
8 0.22694791666666666585 0.43577083333333338500 0.03304166666666666363 0.04173611111111109884
8 0.90129427083333335524 0.63132870370370375301 0.04086979166666668273 0.07420370370370368840
8 0.36347005208333332815 0.49065046296296299655 0.02956510416666665794 0.07729166666666663355
