1 0.54343750000000001776 0.66523379629629630916 0.07384895833333336712 0.11120833333333335347
1 0.55690494791666667052 0.35400925925925930127 0.07298177083333327875 0.13128703703703706318
1 0.61728776041666677532 0.86911342592592588652 0.08079947916666666008 0.15136574074074077290
1 0.65942447916666657726 0.41347222222222218546 0.09556770833333333437 0.18843518518518512228
1 0.58600911458333337922 0.16711574074074075913 0.03909635416666669416 0.06332407407407408817
8 0.26411588541666664032 0.94016435185185187606 0.06776822916666663810 0.10503240740740746317
8 0.31711328124999998979 0.72778703703703706562 0.06776822916666666585 0.14673148148148151826
8 0.41268229166666670071 0.18796759259259257502 0.04517708333333333992 0.02471296296296296088
8 0.38835546874999998801 0.54939351851851858655 0.02432552083333335349 0.03088888888888890322
8 0.61945963541666670960 0.62971064814814825539 0.07992968749999995737 0.11738425925925924376
8 0.41528906250000002798 0.21963194444444442133 0.04170312499999996592 0.02934722222222224328
8 0.73457552083333332860 0.80501620370370374768 0.04604687499999992467 0.07877314814814818933
