2 0.558271 0.783484 0.011906 0.021884
1 0.016978 0.477220 0.033685 0.095884
2 0.074238 0.651123 0.008539 0.014356
1 0.915784 0.363120 0.027688 0.056130
2 0.246194 0.462005 0.008539 0.014361
2 0.611480 0.958551 0.008539 0.014361
7 0.100794 0.590130 0.075078 0.095296
2 0.359375 0.777204 0.008542 0.014361
2 0.742634 0.458551 0.008539 0.014361
3 0.235732 0.344123 0.171469 0.078588
2 0.314686 0.387738 0.008539 0.014356
2 0.637710 0.699481 0.008539 0.014361
2 0.924297 0.968924 0.013385 0.019560
2 0.639168 0.581176 0.008539 0.014361
2 0.669285 0.560449 0.008539 0.014361
2 0.719803 0.474958 0.008539 0.014361
2 0.219478 0.445597 0.008539 0.014361
2 0.080553 0.351468 0.008539 0.014361
2 0.742147 0.784111 0.008539 0.014361
2 0.941543 0.873056 0.009987 0.024722
2 0.575535 0.809153 0.008539 0.014361
7 0.641181 0.351928 0.073706 0.079069
2 0.498301 0.541451 0.008539 0.014356
2 0.742634 0.949914 0.008539 0.014356
2 0.612452 0.627806 0.008539 0.014361
2 0.813553 0.875648 0.008539 0.014361
2 0.198591 0.974095 0.011464 0.019551
2 0.623624 0.497410 0.008539 0.014356
1 0.439749 0.676162 0.010201 0.039722
2 0.597879 0.968049 0.008539 0.014356
2 0.357431 0.148532 0.008539 0.014361
2 0.843668 0.510363 0.008539 0.014356
2 0.713493 0.817359 0.009523 0.022134
2 0.591079 0.893782 0.008539 0.014361
2 0.625082 0.513817 0.008539 0.014356
2 0.672199 0.962005 0.008539 0.014361
2 0.722230 0.965458 0.008539 0.014361
2 0.756720 0.453368 0.008539 0.014356
2 0.565335 0.733162 0.008539 0.014361
2 0.485184 0.491366 0.008539 0.014361
1 0.726827 0.526333 0.017003 0.075130
2 0.266111 0.460278 0.008539 0.014361
2 0.507530 0.467185 0.008539 0.014361
2 0.670257 0.613991 0.008539 0.014361
2 0.754777 0.461139 0.008539 0.014361
2 0.331202 0.265113 0.008539 0.014356
2 0.067687 0.751287 0.010979 0.017796
2 0.481298 0.505181 0.008539 0.014361
2 0.715915 0.956822 0.008539 0.014356
2 0.220449 0.392919 0.008539 0.014356
2 0.663454 0.973231 0.008539 0.014361
2 0.648884 0.510363 0.008539 0.014356
2 0.474499 0.526771 0.008539 0.014356
2 0.661999 0.525907 0.008539 0.014361
2 0.732431 0.568222 0.008539 0.014361
2 0.593993 0.201208 0.008539 0.014361
2 0.328283 0.853190 0.008539 0.014361
7 0.560961 0.352331 0.060562 0.071681
7 0.790237 0.436100 0.060562 0.071681
2 0.238909 0.439551 0.008542 0.014361
2 0.660056 0.956822 0.008539 0.014356
2 0.522587 0.645079 0.008539 0.014361
2 0.332173 0.395509 0.008539 0.014361
7 0.828427 0.524600 0.060562 0.071681
2 0.127186 0.746977 0.008539 0.014361
2 0.758663 0.726252 0.008539 0.014356
1 0.613889 0.364417 0.008742 0.044907
2 0.316143 0.401556 0.008542 0.014361
2 0.238909 0.446458 0.008542 0.014361
7 0.852602 0.608405 0.060562 0.071681
1 0.406474 0.346713 0.026229 0.035407
2 0.229194 0.450778 0.008539 0.014361
2 0.396777 0.836787 0.008539 0.014361
7 0.150344 0.425757 0.060562 0.071681
2 0.655197 0.614854 0.008539 0.014356
1 0.344540 0.348440 0.008258 0.023315
2 0.816953 0.898965 0.008542 0.014356
2 0.459926 0.531954 0.008539 0.014361
2 0.487613 0.475819 0.008539 0.014361
2 0.569220 0.911917 0.008539 0.014361
2 0.555618 0.619171 0.008539 0.014361
2 0.314685 0.485315 0.019224 0.022981
2 0.233081 0.917100 0.011464 0.019551
2 0.755262 0.916236 0.008539 0.014361
2 0.784893 0.726252 0.008542 0.014356
2 0.802382 0.865287 0.008539 0.014361
2 0.728061 0.989639 0.008539 0.014361
2 0.514329 0.204664 0.008539 0.014356
2 0.574564 0.922280 0.008539 0.014356
2 0.206850 0.148532 0.008539 0.014361
2 0.683858 0.658894 0.008539 0.014361
2 0.570191 0.432644 0.008539 0.014361
2 0.292828 0.891192 0.011464 0.019551
2 0.251053 0.417963 0.008539 0.014361
1 0.900483 0.667956 0.024289 0.040588
2 0.610509 0.975819 0.008539 0.014361
2 0.369090 0.707255 0.008539 0.014361
2 0.713001 0.777204 0.008539 0.014361
2 0.372004 0.667532 0.008539 0.014361
2 0.704743 0.777204 0.008539 0.014361
2 0.591564 0.727979 0.008539 0.014356
2 0.779064 0.767704 0.008539 0.014361
7 0.231332 0.522454 0.077492 0.110370
2 0.483241 0.793611 0.008539 0.014361
2 0.368841 0.508796 0.017750 0.029500
2 0.416207 0.829016 0.008539 0.014356
2 0.427866 0.781521 0.008539 0.014356
2 0.605165 0.458551 0.008539 0.014361
7 0.720773 0.420553 0.060563 0.071681
2 0.247165 0.443005 0.008539 0.014361
2 0.809665 0.864421 0.008539 0.014361
3 0.610970 0.319248 0.146352 0.156023
2 0.203934 0.593264 0.008539 0.014361
2 0.458469 0.518134 0.008542 0.014361
7 0.506870 0.325984 0.060562 0.071681
2 0.795579 0.879968 0.008539 0.014361
2 0.734814 0.910780 0.019169 0.033718
2 0.105327 0.766840 0.008539 0.014356
2 0.501215 0.207255 0.008539 0.014361
2 0.471098 0.499139 0.008539 0.014361
2 0.363974 0.910757 0.011464 0.019551
