1 0.63651302083333338722 0.42796064814814815946 0.02180729166666661029 0.06337499999999998690
1 0.41653906250000000133 0.81865277777777778478 0.04822916666666662161 0.11258333333333336856
1 0.35803255208333334414 0.63113657407407408595 0.05368489583333335702 0.10587499999999991362
1 0.53774479166666666607 0.32655787037037037335 0.02726041666666674176 0.05592129629629628146
1 0.55074609374999994316 0.10474537037037036369 0.03816406249999999140 0.06113888888888887457
1 0.30686718749999997158 0.04621296296296296263 0.03606770833333333010 0.05144444444444444542
1 0.67153385416666666607 0.26765740740740739945 0.02642187500000000785 0.07828703703703707162
1 0.74471744791666671937 0.27473842592592589984 0.02935677083333333715 0.05069907407407412553
1 0.48261979166666668650 0.50884490740740739856 0.04888020833333328596 0.09441203703703701655
7 0.47294791666666663454 0.18489583333333334259 0.09142708333333336712 0.14390277777777774060
2 0.46917317708333333703 0.17706481481481484153 0.01425781249999999965 0.02684259259259257416
9 0.87574348958333336768 0.34528009259259256902 0.24358072916666675956 0.45954166666666662611
