1 0.918371 0.412859 0.023966 0.046366
1 0.657915 0.513111 0.038768 0.066417
1 0.481340 0.628398 0.038065 0.068926
1 0.341421 0.792558 0.021852 0.048875
1 0.798187 0.503711 0.045818 0.055134
1 0.546895 0.615238 0.028195 0.050125
1 0.816866 0.650954 0.053570 0.083963
2 0.529958 0.880954 0.013708 0.021704
1 0.547247 0.135917 0.028901 0.043861
1 0.276922 0.789426 0.047932 0.070176
1 0.427592 0.637900 0.032227 0.049162
2 0.372768 0.790727 0.013708 0.021704
1 0.882069 0.303211 0.027492 0.042606
1 0.012590 0.265616 0.019737 0.042611
1 0.375960 0.103336 0.026081 0.028819
1 0.206082 0.466743 0.040180 0.071431
1 0.522928 0.253083 0.018326 0.022556
2 0.369949 0.725565 0.013711 0.021704
2 0.626529 0.912282 0.013708 0.021704
1 0.524339 0.122757 0.021146 0.042606
1 0.353526 0.651162 0.032365 0.069157
1 0.636064 0.210479 0.048638 0.075190
1 0.160734 0.258752 0.035245 0.061532
1 0.578184 0.568315 0.038190 0.061796
1 0.082021 0.073259 0.033130 0.041352
1 0.295250 0.597694 0.021146 0.047620
1 0.310053 0.528773 0.040883 0.055139
1 0.865504 0.399074 0.029607 0.041352
1 0.747788 0.511856 0.036654 0.066417
1 0.028451 0.363986 0.031719 0.076444
1 0.458078 0.274389 0.026786 0.070176
1 0.800052 0.141211 0.035870 0.048912
1 0.921895 0.130903 0.021148 0.058898
1 0.411557 0.932282 0.087406 0.125315
1 0.503897 0.580171 0.021607 0.041417
2 0.508745 0.852065 0.013708 0.021704
1 0.711133 0.497444 0.029604 0.060148
1 0.626547 0.796317 0.045115 0.076440
1 0.892642 0.101456 0.026081 0.042606
1 0.150814 0.266016 0.058716 0.083431
2 0.569432 0.918546 0.013708 0.021704
1 0.626900 0.129650 0.027492 0.061403
2 0.555333 0.962407 0.013708 0.021704
1 0.712896 0.432910 0.030312 0.046366
1 0.635711 0.547569 0.021146 0.032583
6 0.517208 0.360343 0.060615 0.183185
1 0.438695 0.743685 0.024672 0.051380
6 0.833586 0.808926 0.179839 0.382148
1 0.141232 0.352083 0.019031 0.030074
1 0.448656 0.587218 0.025010 0.044861
1 0.255861 0.584132 0.050305 0.066542
1 0.501430 0.508722 0.024672 0.045111
1 0.854227 0.285667 0.031016 0.055139
2 0.552514 0.907269 0.013711 0.021704
1 0.612970 0.517289 0.024773 0.052190
1 0.205378 0.528148 0.028901 0.058898
1 0.705495 0.593310 0.035245 0.043861
1 0.059465 0.265616 0.031721 0.085213
1 0.362568 0.524387 0.041589 0.068921
6 0.208734 0.756366 0.063953 0.240120
1 0.351835 0.391796 0.034669 0.062389
1 0.663087 0.622273 0.027794 0.068704
6 0.684617 0.150326 0.057115 0.144662
1 0.583195 0.714236 0.041589 0.092731
6 0.241421 0.359299 0.065164 0.195162
1 0.865504 0.154713 0.023966 0.063907
2 0.515156 0.738095 0.013708 0.021699
6 0.689861 0.113644 0.076388 0.222361
6 0.179414 0.771632 0.136781 0.293801
6 0.385798 0.303521 0.102826 0.243801
1 0.487143 0.201713 0.028307 0.041704
1 0.740387 0.159727 0.021852 0.048870
1 0.177182 0.358347 0.041589 0.062657
1 0.773164 0.233035 0.031016 0.065162
1 0.031270 0.260604 0.020440 0.025060
