8 0.190888 0.275205 0.056591 0.082367
8 0.616630 0.722361 0.053649 0.097870
8 0.777718 0.191224 0.034768 0.071201
8 0.907310 0.408051 0.025154 0.042618
8 0.009091 0.806461 0.018182 0.049060
1 0.524285 0.335697 0.026558 0.038363
8 0.312337 0.407586 0.022837 0.034419
8 0.575607 0.501204 0.019771 0.030808
8 0.819397 0.286542 0.022595 0.043958
1 0.658238 0.246305 0.017127 0.033293
1 0.317662 0.215972 0.036577 0.049439
1 0.587625 0.628634 0.074343 0.084409
8 0.336928 0.828466 0.023900 0.039441
1 0.588132 0.101312 0.030064 0.045162
1 0.439416 0.323290 0.039052 0.054258
9 0.982404 0.051986 0.034369 0.063630
8 0.500700 0.431052 0.019469 0.027363
8 0.852328 0.843427 0.027189 0.049966
8 0.188824 0.367675 0.024224 0.037766
