1 0.540085 0.370500 0.021846 0.036415
1 0.391784 0.326582 0.022524 0.042589
1 0.441243 0.072471 0.024949 0.043667
1 0.524114 0.118658 0.023812 0.041130
1 0.328643 0.233089 0.031746 0.051089
1 0.281208 0.151701 0.022976 0.051048
1 0.378646 0.121722 0.036739 0.060807
3 0.160312 0.710987 0.199251 0.199578
3 0.722081 0.835243 0.193924 0.180889
1 0.254458 0.588421 0.029639 0.051134
1 0.580560 0.374684 0.019926 0.035722
1 0.487714 0.078608 0.018621 0.033529
1 0.477604 0.203176 0.017558 0.032286
3 0.332232 0.153327 0.108886 0.099672
1 0.495869 0.127507 0.018895 0.034094
1 0.312764 0.027182 0.019555 0.039714
1 0.597329 0.389775 0.017464 0.030948
6 0.814764 0.356784 0.059937 0.186253
1 0.369260 0.302739 0.024619 0.041860
1 0.395689 0.179922 0.072310 0.076289
