2 0.53409114583333328063 0.89646527777777773593 0.02083333333333327320 0.03198611111111118038
2 0.17329427083333334703 0.68349999999999999645 0.01515104166666665295 0.03703703703703703498
2 0.16335156249999999156 0.61111111111111116045 0.02746354166666667776 0.03703703703703703498
2 0.85132552083333334902 0.68602777777777790291 0.02461979166666665789 0.03535185185185180795
2 0.54356119791666668295 0.67760879629629633403 0.03409114583333335696 0.03198611111111118038
2 0.72253776041666673002 0.75841666666666662788 0.02651302083333332074 0.02862037037037034118
2 0.70123177083333332327 0.57070601851851843200 0.02556770833333340751 0.03367129629629630333
2 0.75000000000000000000 0.82323148148148150849 0.02651562499999992467 0.04376851851851849828
2 0.67045312499999998312 0.48989814814814819366 0.02083333333333333218 0.03703703703703709049
2 0.21732942708333335968 0.35184953703703703010 0.01988802083333333567 0.02356944444444448311
