1 0.239565 0.318875 0.043703 0.126565
1 0.183525 0.811981 0.017622 0.037593
1 0.501078 0.662234 0.012688 0.038847
2 0.455240 0.561403 0.017359 0.027222
1 0.816760 0.765343 0.046583 0.067833
2 0.780898 0.550125 0.017359 0.027222
2 0.370654 0.565162 0.017359 0.027222
7 0.555333 0.448625 0.098656 0.102528
2 0.205711 0.522558 0.017359 0.027218
2 0.892271 0.595238 0.017359 0.027218
2 0.224742 0.531329 0.017359 0.027222
2 0.561678 0.268171 0.017362 0.027222
2 0.468633 0.562657 0.017359 0.027222
2 0.324836 0.612782 0.017359 0.027222
9 0.315688 0.298924 0.075240 0.131782
1 0.745320 0.287546 0.023260 0.066417
7 0.680809 0.502509 0.112758 0.117574
1 0.100701 0.771255 0.016917 0.036343
2 0.344573 0.586465 0.017359 0.027218
2 0.747064 0.515037 0.017362 0.027222
2 0.150023 0.729324 0.017359 0.027222
1 0.491914 0.803836 0.016917 0.046366
2 0.781603 0.601505 0.017362 0.027222
3 0.659742 0.196970 0.140370 0.137171
2 0.612430 0.310778 0.017359 0.027222
1 0.913436 0.905965 0.014096 0.042606
2 0.360785 0.536340 0.017362 0.027218
2 0.464289 0.542405 0.017359 0.027218
1 0.951147 0.566366 0.040180 0.062657
1 0.520461 0.701079 0.027490 0.056389
7 0.824410 0.497382 0.152221 0.160171
1 0.730871 0.716118 0.028195 0.053884
2 0.591988 0.494988 0.017362 0.027218
2 0.329771 0.902257 0.017359 0.027218
1 0.586016 0.813234 0.031719 0.050125
2 0.221223 0.696741 0.049794 0.082352
2 0.575776 0.327067 0.017359 0.027218
2 0.601857 0.322056 0.017359 0.027222
2 0.859846 0.700500 0.017359 0.027222
1 0.382659 0.598940 0.016922 0.040083
1 0.117618 0.686669 0.022555 0.102755
2 0.842224 0.647870 0.017359 0.027222
2 0.597628 0.562657 0.017359 0.027222
3 0.830945 0.206766 0.140370 0.137171
1 0.488038 0.559475 0.021852 0.036338
2 0.262803 0.654755 0.061060 0.101139
1 0.209607 0.833285 0.019031 0.052634
2 0.721771 0.978748 0.019385 0.030995
1 0.911673 0.283160 0.021852 0.042606
2 0.823896 0.448623 0.017359 0.027218
1 0.597299 0.742699 0.030719 0.063046
1 0.732280 0.873384 0.031013 0.062657
2 0.627939 0.660412 0.034279 0.059824
1 0.453579 0.230553 0.024346 0.047579
1 0.280448 0.918498 0.031016 0.042606
1 0.593417 0.882155 0.021146 0.057644
1 0.484865 0.207345 0.021146 0.051375
1 0.259654 0.520002 0.014802 0.050125
1 0.513766 0.157220 0.022557 0.041356
