1 0.70552083333333326376 0.34605324074074067520 0.06364583333333335979 0.07516203703703704109
1 0.41541796874999997735 0.48021064814814806709 0.05341927083333330301 0.09083796296296292594
1 0.23518749999999996603 0.30637962962962961289 0.14632291666666666363 0.06688888888888890050
1 0.60331250000000002931 0.50126851851851850217 0.05481250000000000705 0.08836111111111116800
1 0.61422916666666671492 0.03675694444444443931 0.02276041666666668919 0.03303240740740740616
1 0.52017447916666670338 0.23333796296296296924 0.05481250000000000705 0.08836111111111114025
2 0.57287630208333328863 0.76426620370370368374 0.01216406250000000994 0.01563425925925925053
2 0.48061979166666662922 0.71842592592592602330 0.00964583333333332398 0.01490740740740742823
2 0.55589192708333334814 0.74976157407407417743 0.01509635416666673356 0.02310648148148151948
8 0.60378906250000008438 0.94560185185185186008 0.02231770833333340462 0.05203703703703697198
8 0.44213541666666672514 0.82956018518518515048 0.06687499999999999001 0.11726851851851849418
8 0.77460807291666666785 0.73160416666666661101 0.05072135416666666285 0.11210648148148141812
8 0.41007552083333337345 0.92862037037037048481 0.03251562499999997163 0.05780555555555550590
