7 0.238879 0.776444 0.087503 0.131630
1 0.304004 0.338984 0.028659 0.064764
7 0.454340 0.107081 0.052529 0.065995
2 0.600634 0.800736 0.010581 0.018954
1 0.486404 0.216789 0.038859 0.056995
7 0.439185 0.354843 0.051542 0.060185
2 0.119158 0.913685 0.010581 0.018954
2 0.864105 0.563431 0.010581 0.018954
2 0.624681 0.799192 0.020784 0.033745
1 0.268786 0.377845 0.033031 0.054403
2 0.598887 0.422495 0.010581 0.018954
2 0.426931 0.704361 0.010581 0.018954
2 0.476478 0.421458 0.010581 0.018954
2 0.141309 0.483634 0.010581 0.018954
1 0.363266 0.627414 0.056833 0.106218
2 0.731788 0.356176 0.010581 0.018954
2 0.111290 0.428711 0.020492 0.041745
8 0.285299 0.123914 0.021797 0.033190
2 0.411191 0.756176 0.010581 0.018954
8 0.081122 0.591431 0.029661 0.038352
1 0.749195 0.524218 0.030115 0.067361
7 0.155116 0.335058 0.052529 0.065995
2 0.142475 0.743741 0.010581 0.018954
1 0.397997 0.358847 0.028172 0.059583
2 0.569741 0.773792 0.010581 0.018954
2 0.679910 0.792444 0.010581 0.018954
8 0.525714 0.702352 0.048344 0.086278
2 0.791827 0.112653 0.010581 0.018954
8 0.832480 0.516329 0.015039 0.026481
2 0.102837 0.801769 0.010581 0.018954
2 0.263432 0.345301 0.019333 0.038657
2 0.820973 0.211097 0.010581 0.018954
8 0.402448 0.390192 0.025901 0.036495
2 0.139557 0.415243 0.016406 0.035532
2 0.675829 0.949958 0.010581 0.018954
2 0.423434 0.390370 0.010581 0.018954
9 0.619293 0.342699 0.050477 0.058398
2 0.681658 0.756176 0.010581 0.018954
2 0.822720 0.757208 0.010581 0.018954
2 0.455493 0.428713 0.010581 0.018954
2 0.243902 0.347377 0.016414 0.028301
2 0.843121 0.744773 0.010581 0.018954
2 0.542345 0.753065 0.010581 0.018954
2 0.833796 0.243222 0.010581 0.018954
1 0.301819 0.904183 0.041773 0.067356
2 0.349405 0.213171 0.010581 0.018954
1 0.588411 0.521627 0.025260 0.069088
2 0.637941 0.404880 0.010581 0.018954
2 0.704392 0.388296 0.010581 0.018954
2 0.633861 0.538560 0.010581 0.018954
8 0.501697 0.174449 0.032961 0.065176
2 0.200180 0.841146 0.019901 0.043819
8 0.484941 0.745252 0.027669 0.038569
2 0.725376 0.740630 0.010581 0.018954
2 0.800572 0.228713 0.010581 0.018954
2 0.776671 0.243222 0.010581 0.018954
2 0.829132 0.160319 0.010581 0.018954
2 0.118581 0.233884 0.029245 0.043806
2 0.649017 0.868093 0.010581 0.018954
2 0.039884 0.628713 0.010581 0.018954
2 0.725376 0.305398 0.010581 0.018954
7 0.265868 0.217618 0.052529 0.065995
2 0.391374 0.930269 0.010581 0.018954
8 0.469674 0.162278 0.017958 0.029611
2 0.729457 0.860838 0.010581 0.018954
2 0.217668 0.629750 0.010581 0.018954
8 0.316625 0.680053 0.022271 0.041838
8 0.856776 0.829019 0.060198 0.095574
7 0.540803 0.227979 0.052529 0.065995
8 0.278492 0.742664 0.039318 0.059301
2 0.685155 0.744773 0.010581 0.018954
2 0.862941 0.197625 0.010581 0.018954
2 0.695647 0.758245 0.010581 0.018954
2 0.273046 0.479491 0.010581 0.018954
2 0.852449 0.769648 0.010581 0.018954
2 0.794741 0.655657 0.010581 0.018954
2 0.713134 0.758245 0.010581 0.018954
2 0.043092 0.925606 0.013503 0.030361
2 0.783085 0.596588 0.010581 0.018954
8 0.908036 0.449051 0.055854 0.133565
2 0.443410 0.926218 0.010581 0.018954
2 0.839048 0.964986 0.014091 0.032435
2 0.413525 0.716796 0.010581 0.018954
8 0.196482 0.388231 0.023505 0.044759
2 0.610546 0.745810 0.010581 0.018954
2 0.809897 0.871199 0.010581 0.018954
2 0.545259 0.898144 0.010581 0.018954
2 0.803491 0.294000 0.024581 0.039685
2 0.465402 0.429750 0.010581 0.018954
2 0.087678 0.480537 0.014070 0.027259
1 0.637473 0.550556 0.037888 0.056130
8 0.727085 0.627817 0.037862 0.076588
2 0.591309 0.807986 0.010581 0.018954
8 0.841775 0.880389 0.030294 0.049602
7 0.226036 0.295336 0.052526 0.065995
2 0.224958 0.365491 0.014667 0.029296
2 0.415272 0.433894 0.010581 0.018954
9 0.618125 0.287780 0.041146 0.064625
2 0.319676 0.290889 0.010581 0.018954
9 0.036569 0.235965 0.065622 0.097782
2 0.775507 0.609023 0.010581 0.018954
7 0.463409 0.606882 0.077234 0.077125
2 0.650181 0.989333 0.010581 0.018954
2 0.671749 0.271199 0.010581 0.018954
8 0.322100 0.622171 0.027622 0.051333
