1 0.42962369791666671359 0.55865972222222215482 0.12597656250000000000 0.10503240740740746317
9 0.72892968750000008971 0.45131481481481483531 0.08166666666666663743 0.13128703703703711869
9 0.85143098958333329751 0.64824537037037033294 0.16680989583333338810 0.22859259259259259722
9 0.26561197916666667851 0.45777314814814812349 0.30778645833333334592 0.69055555555555547809
9 0.60189713541666667318 0.79554861111111108141 0.19771614583333332882 0.40890277777777778168
9 0.62858072916666662966 0.46907638888888891771 0.10165104166666670549 0.18534722222222227428
9 0.49261197916666671359 0.29994907407407406241 0.16159895833333337567 0.23940740740740745762
8 0.44390625000000000222 0.94823611111111116845 0.03739583333333337117 0.07420370370370368840
9 0.71720052083333341031 0.55788888888888887863 0.06516145833333328308 0.10657407407407409883
9 0.36098828124999998712 0.76640277777777776613 0.19548177083333331816 0.29810185185185189560
9 0.71589713541666666341 0.73010648148148160619 0.11294531250000000577 0.24712962962962961577
