8 0.73023177083333334902 0.69071990740740740744 0.05126041666666670410 0.05406018518518517640
9 0.45612369791666662611 0.46212731481481483797 0.13032031250000000733 0.12819907407407410416
8 0.83101432291666676999 0.64129398148148142322 0.03040885416666666216 0.04479166666666666713
9 0.86750390625000006750 0.90366666666666672914 0.21459635416666658636 0.19266666666666670826
9 0.91572395833333330994 0.75481712962962976832 0.16855208333333326909 0.43865277777777778034
9 0.74543749999999997513 0.40344212962962960889 0.13204166666666666829 0.16216203703703702121
9 0.52996744791666672292 0.74169212962962960400 0.19462239583333332260 0.48653240740740755221
9 0.61772135416666673624 0.28141435185185187384 0.02258854166666672894 0.07877314814814813382
9 0.38748697916666663410 0.73319444444444437092 0.10425520833333330739 0.35215740740740741899
9 0.65638281250000007905 0.37099768518518516647 0.03735937499999988920 0.10966203703703704397
