1 0.55629687500000002398 0.28646990740740746473 0.03697395833333334131 0.03884722222222220661
1 0.45272526041666671937 0.34377083333333335879 0.06683593749999997002 0.04390277777777779750
1 0.63498177083333329218 0.49081944444444447484 0.08153124999999998568 0.11047222222222222165
1 0.39939973958333330195 0.53843055555555552338 0.09005989583333331994 0.09783333333333341097
1 0.31881770833333333837 0.32607638888888890172 0.06541145833333329718 0.04558796296296292044
1 0.69210026041666661278 0.70612500000000000266 0.10665364583333337978 0.16525000000000003575
1 0.39157812499999994360 0.21231249999999998734 0.06019791666666669122 0.05064351851851851133
6 0.18788802083333333570 0.29184259259259259789 0.04522916666666668140 0.14771296296296293482
6 0.25067447916666663055 0.52807638888888885909 0.04218749999999996808 0.19002314814814810773
6 0.59091145833333347248 0.76033101851851858655 0.04859374999999997724 0.12395833333333333703
6 0.68949218750000007550 0.94843750000000004441 0.09954166666666661167 0.10196759259259259578
8 0.63336067708333332327 0.86451388888888880402 0.03475260416666661745 0.04787962962962955676
8 0.55777473958333334547 0.20573148148148148739 0.03475260416666661745 0.04787962962962961228
8 0.98914062499999999556 0.42199768518518515625 0.02171875000000002276 0.04325462962962965674
