8 0.895709 0.694961 0.037258 0.066569
1 0.449896 0.486266 0.064546 0.097701
8 0.954576 0.175289 0.027375 0.051524
8 0.734100 0.438971 0.025796 0.036669
8 0.146153 0.806235 0.033721 0.072486
8 0.545893 0.566732 0.021292 0.029374
8 0.515529 0.041949 0.026818 0.044197
8 0.655257 0.534708 0.065208 0.105960
1 0.349349 0.250754 0.031337 0.051988
8 0.800821 0.677507 0.019119 0.028690
8 0.641927 0.155324 0.181771 0.270833
1 0.432806 0.689508 0.033202 0.048656
1 0.307606 0.229195 0.018858 0.029114
8 0.706107 0.620359 0.021990 0.033051
8 0.587302 0.544937 0.021202 0.043884
8 0.318312 0.039345 0.020420 0.033704
8 0.249150 0.273429 0.031304 0.046620
1 0.504948 0.574306 0.068229 0.081944
8 0.656352 0.460505 0.014885 0.030738
1 0.601396 0.968086 0.026994 0.050413
6 0.279115 0.397946 0.047260 0.112586
1 0.228121 0.414128 0.025949 0.043164
8 0.459256 0.643946 0.022000 0.034169
8 0.931526 0.497181 0.057092 0.083767
8 0.017576 0.538275 0.026865 0.056527
