9 0.110647 0.417600 0.221295 0.612832
9 0.404037 0.725947 0.333908 0.547336
8 0.309594 0.519399 0.123126 0.305536
9 0.624019 0.867316 0.140394 0.265369
9 0.760863 0.351091 0.253918 0.345786
8 0.860408 0.794102 0.041856 0.076729
9 0.217293 0.802094 0.052989 0.135242
9 0.664737 0.122136 0.169322 0.244273
9 0.098560 0.958595 0.048035 0.082811
9 0.152079 0.134836 0.084485 0.198892
9 0.563999 0.305350 0.148796 0.176351
9 0.330081 0.228830 0.199197 0.293673
8 0.654411 0.487768 0.016264 0.029048
8 0.762011 0.750571 0.038538 0.059674
9 0.898657 0.606586 0.090900 0.174252
8 0.846280 0.587040 0.054568 0.077404
8 0.223771 0.489559 0.115057 0.309518
9 0.348573 0.106367 0.073050 0.099808
8 0.498155 0.451508 0.015051 0.024055
9 0.972343 0.742485 0.055313 0.191483
9 0.218342 0.490931 0.099766 0.308656
8 0.293256 0.564543 0.080642 0.216969
9 0.794299 0.927928 0.284186 0.144145
8 0.768138 0.557018 0.012984 0.024684
9 0.912485 0.265854 0.163815 0.376236
9 0.216676 0.973301 0.047817 0.053398
