9 0.806992 0.892708 0.277109 0.214583
8 0.236099 0.237653 0.060286 0.099380
1 0.269027 0.541053 0.039341 0.085486
9 0.393385 0.704653 0.492292 0.529306
1 0.471346 0.560486 0.068005 0.113991
1 0.182809 0.385185 0.019430 0.039722
8 0.371070 0.335725 0.036542 0.062069
9 0.816823 0.396359 0.280521 0.424782
8 0.531969 0.490039 0.123516 0.225310
8 0.430919 0.874708 0.082266 0.181435
8 0.017438 0.492437 0.024807 0.040736
8 0.238902 0.086993 0.102654 0.173986
1 0.670747 0.881731 0.104437 0.107083
9 0.441710 0.249977 0.298977 0.499954
