2 0.829133 0.599245 0.012823 0.023833
2 0.287034 0.618935 0.012823 0.023833
2 0.818641 0.829296 0.012823 0.023833
2 0.744029 0.391991 0.012823 0.023833
2 0.539431 0.746394 0.012826 0.023833
2 0.513783 0.334995 0.012826 0.023833
2 0.808732 0.594063 0.012823 0.023838
2 0.503290 0.045875 0.012826 0.023833
2 0.558083 0.604426 0.012823 0.023833
1 0.210854 0.554329 0.068047 0.126148
2 0.516115 0.973338 0.012823 0.023833
2 0.461322 0.668676 0.012826 0.023833
2 0.586063 0.779556 0.012823 0.023833
1 0.113337 0.828225 0.038471 0.051810
2 0.762682 0.729815 0.012823 0.023833
8 0.697288 0.206319 0.040039 0.051435
2 0.577902 0.557792 0.012826 0.023833
2 0.816892 0.576447 0.012826 0.023838
1 0.088564 0.383146 0.025065 0.069431
2 0.338913 0.253130 0.012826 0.023833
1 0.418208 0.645616 0.031813 0.054361
2 0.843706 0.628259 0.012823 0.023833
2 0.516698 0.778519 0.012823 0.023833
2 0.497461 0.737069 0.012823 0.023833
2 0.295195 0.470748 0.012823 0.023838
9 0.571206 0.418380 0.063536 0.092231
2 0.658926 0.307019 0.012826 0.023833
2 0.462487 0.969192 0.012823 0.023838
1 0.048635 0.579519 0.061786 0.084972
2 0.658342 0.959866 0.012826 0.023833
2 0.598887 0.641731 0.012826 0.023833
2 0.559250 0.724634 0.012823 0.023833
2 0.485803 0.989000 0.012826 0.022000
2 0.898497 0.199245 0.012823 0.023833
9 0.419944 0.087292 0.074612 0.091194
2 0.359897 0.202352 0.012826 0.023833
1 0.943389 0.803352 0.025648 0.062176
8 0.520740 0.217296 0.022094 0.045500
2 0.559832 0.892509 0.012826 0.023833
2 0.418188 0.174375 0.012823 0.023833
2 0.293447 0.303907 0.012826 0.023833
2 0.698562 0.410644 0.012823 0.023833
1 0.182689 0.755838 0.083372 0.086935
2 0.456076 0.647949 0.012823 0.023833
2 0.557500 0.905981 0.012823 0.023833
2 0.620453 0.081111 0.012823 0.023833
2 0.639107 0.885255 0.012823 0.023833
1 0.078945 0.758796 0.022151 0.049741
2 0.352902 0.162975 0.012826 0.023838
2 0.851283 0.256241 0.012826 0.023833
2 0.368057 0.955722 0.012823 0.023833
1 0.382922 0.737062 0.072125 0.175875
2 0.275960 0.643806 0.012826 0.023833
2 0.436257 0.400280 0.012826 0.023838
2 0.574405 0.661421 0.012826 0.023833
2 0.936969 0.847949 0.012823 0.023833
2 0.485221 0.922560 0.012823 0.023833
2 0.396038 0.866609 0.018654 0.038356
2 0.763266 0.325669 0.012823 0.023838
2 0.777254 0.754685 0.012826 0.023833
2 0.509120 0.699764 0.012823 0.023833
2 0.356982 0.977481 0.012823 0.023833
2 0.872267 0.732921 0.012826 0.023833
1 0.656020 0.442213 0.038471 0.075648
2 0.561581 0.831368 0.012823 0.023838
2 0.526023 0.639657 0.012823 0.023833
8 0.507951 0.797685 0.030245 0.054815
8 0.349405 0.063505 0.020930 0.033083
2 0.337747 0.121523 0.012823 0.023833
2 0.869935 0.197171 0.012823 0.023833
2 0.379716 0.205463 0.012823 0.023833
1 0.257314 0.786255 0.044299 0.096370
8 0.988242 0.697181 0.023516 0.061565
2 0.560415 0.812718 0.012826 0.023833
2 0.515531 0.989000 0.012823 0.022000
2 0.732371 0.269713 0.012826 0.023833
2 0.453161 0.692509 0.012823 0.023833
2 0.579068 0.729815 0.012823 0.023833
2 0.539431 0.604426 0.012826 0.023833
2 0.600635 0.741213 0.012823 0.023833
8 0.773763 0.630329 0.014401 0.032769
1 0.472405 0.208535 0.053628 0.113986
2 0.531560 0.957799 0.015734 0.023847
2 0.886257 0.189917 0.012826 0.023833
2 0.512617 0.248986 0.012823 0.023833
2 0.551672 0.560903 0.012823 0.023833
2 0.575570 0.641731 0.012823 0.023833
2 0.676995 0.879037 0.012823 0.023833
2 0.573240 0.771264 0.012823 0.023833
2 0.621620 0.860384 0.012823 0.023833
2 0.587811 0.991072 0.012826 0.017856
9 0.785763 0.912250 0.074323 0.133074
2 0.587811 0.802352 0.012826 0.023833
1 0.879853 0.479519 0.033810 0.061139
2 0.320260 0.354685 0.012823 0.023833
8 0.481229 0.966731 0.029396 0.064111
2 0.563913 0.642769 0.012826 0.023833
2 0.460156 0.704944 0.012823 0.023833
2 0.452578 0.624116 0.012823 0.023833
2 0.745779 0.762975 0.012823 0.023838
2 0.477643 0.920486 0.012823 0.023833
8 0.329581 0.077475 0.024734 0.034588
2 0.496879 0.686292 0.012826 0.023833
2 0.347073 0.144324 0.012823 0.023833
