8 0.467110 0.361433 0.029727 0.047743
8 0.700715 0.976131 0.030879 0.047739
8 0.402654 0.882322 0.030626 0.052423
9 0.132031 0.445370 0.158854 0.280556
9 0.529921 0.679276 0.370326 0.613670
9 0.677844 0.067217 0.189756 0.134433
9 0.906325 0.402763 0.131844 0.183336
8 0.421218 0.297999 0.030637 0.053684
9 0.739389 0.709575 0.187052 0.572579
9 0.601029 0.131600 0.038492 0.049077
1 0.433947 0.262346 0.024361 0.039913
9 0.632629 0.828155 0.030370 0.050040
8 0.386039 0.658996 0.023925 0.041003
9 0.263511 0.585721 0.186462 0.423721
9 0.284505 0.315278 0.238281 0.389815
9 0.739643 0.599866 0.161349 0.347600
8 0.442441 0.397146 0.033351 0.047948
9 0.346615 0.102083 0.315104 0.204167
9 0.888306 0.775178 0.217800 0.431179
8 0.009969 0.547390 0.019653 0.074741
9 0.117969 0.632407 0.235937 0.541667
8 0.352436 0.859496 0.061378 0.118411
