9 0.608690 0.379849 0.087967 0.143933
8 0.566766 0.811159 0.088881 0.173931
8 0.922543 0.559298 0.042667 0.051239
8 0.502071 0.057272 0.016733 0.028092
8 0.628783 0.586820 0.031310 0.039505
1 0.465524 0.610348 0.056030 0.108150
8 0.313827 0.057768 0.049109 0.084689
8 0.488859 0.416168 0.013951 0.023992
9 0.663119 0.565408 0.043010 0.088521
8 0.643694 0.692771 0.013412 0.025026
1 0.703817 0.502777 0.047926 0.100852
9 0.147390 0.870661 0.142621 0.258678
8 0.731048 0.721877 0.039264 0.070914
2 0.853129 0.436251 0.011765 0.021316
1 0.699924 0.699871 0.017911 0.035887
1 0.456428 0.168926 0.029162 0.041500
1 0.527815 0.533570 0.043843 0.067498
8 0.514541 0.193808 0.012341 0.023884
6 0.515424 0.903467 0.063242 0.189025
2 0.743738 0.398995 0.011657 0.020933
2 0.092600 0.568523 0.011336 0.021107
1 0.264996 0.701339 0.054346 0.085057
2 0.295311 0.906918 0.008911 0.016951
6 0.852568 0.747816 0.072139 0.136562
2 0.464505 0.816656 0.009022 0.016569
2 0.278173 0.803005 0.009217 0.017341
1 0.050415 0.901816 0.032486 0.063511
1 0.453395 0.477210 0.047447 0.068867
