9 0.28974609374999998890 0.17352777777777778079 0.12076302083333333159 0.34705555555555556158
8 0.35534114583333331616 0.81968981481481495432 0.03127604166666664298 0.04942592592592592177
8 0.30668749999999994627 0.73010416666666666519 0.03301562499999999289 0.04633796296296292805
9 0.48479427083333337389 0.58877777777777773327 0.07471874999999995881 0.20542592592592584522
8 0.52562760416666665098 0.67759027777777769419 0.01737500000000000849 0.02780092592592590603
9 0.83448958333333334014 0.75172916666666667052 0.02345833333333331369 0.03706944444444441183
9 0.28670442708333337967 0.43200694444444442954 0.13032031250000000733 0.39849537037037036091
9 0.55603645833333337212 0.75172916666666667052 0.03127604166666664298 0.05560648148148143732
9 0.64595833333333330106 0.67450231481481481843 0.02867187500000009312 0.05560648148148154141
8 0.60555859375000009592 0.68454166666666671492 0.02606510416666658544 0.05714814814814806604
9 0.34013671875000001110 0.57951157407407405397 0.14683072916666664587 0.30427314814814809818
9 0.59296093749999989608 0.15630324074074075646 0.41442187499999999512 0.30736574074074080043
9 0.87358593749999990941 0.59727546296296296635 0.14682812500000003153 0.25021759259259257480
9 0.93223046874999992983 0.93166898148148147296 0.12510677083333329729 0.12510648148148148517
9 0.05429817708333332937 0.54784722222222215215 0.07558593750000000555 0.23786111111111110650
9 0.82927604166666668561 0.61194675925925934301 0.05473437500000007810 0.09112499999999996991
9 0.39487239583333333393 0.44590740740740741899 0.06342187499999998868 0.09575925925925922455
8 0.63162239583333346093 0.56406712962962957114 0.06603124999999998579 0.07877314814814818933
8 0.55125651041666656749 0.55016435185185186274 0.06689843749999996314 0.07568055555555557035
9 0.53996223958333333659 0.43586805555555552250 0.04778385416666661167 0.06023611111111111527
9 0.79452473958333336146 0.75327314814814816391 0.02519531250000000069 0.04325000000000003147
8 0.48001562500000000133 0.27137268518518514737 0.02345833333333331369 0.03706944444444446735
9 0.76932942708333329485 0.36095833333333338100 0.13987760416666669694 0.24403703703703705230
8 0.32319531249999999822 0.84053935185185191248 0.02954166666666668134 0.04479166666666666713
8 0.47219531250000001954 0.66600694444444441533 0.01824479166666665222 0.02934722222222216348
9 0.13857291666666665675 0.84574537037037034182 0.25456249999999996936 0.30850925925925931637
9 0.64204817708333339343 0.92837962962962961022 0.17028906249999994915 0.14324074074074077956
8 0.31885026041666664209 0.90309490740740738790 0.03996614583333327891 0.06178240740740743170
9 0.16854687500000001266 0.57178935185185186807 0.19982812500000005085 0.21160648148148145098
