2 0.464189 0.837491 0.011076 0.023833
2 0.759137 0.841634 0.011076 0.023833
2 0.725327 0.904847 0.011076 0.023833
2 0.436792 0.991542 0.011073 0.016917
1 0.291064 0.142111 0.010492 0.035231
1 0.528887 0.325014 0.031477 0.063213
2 0.282905 0.426090 0.011076 0.023838
2 0.462439 0.989470 0.011076 0.021060
2 0.465353 0.118319 0.011076 0.023833
2 0.481092 0.981530 0.011076 0.023838
2 0.856480 0.834380 0.011076 0.023833
2 0.941585 0.320391 0.011076 0.023838
8 0.446702 0.048887 0.028669 0.045468
2 0.179732 0.507954 0.011073 0.023833
2 0.281158 0.449926 0.011076 0.023833
2 0.447284 0.084120 0.011073 0.023833
2 0.882129 0.332826 0.011076 0.023838
8 0.419302 0.592880 0.103755 0.205167
2 0.324292 0.548370 0.011073 0.023833
1 0.880086 0.940556 0.019234 0.083935
8 0.704383 0.303819 0.044984 0.088657
2 0.627400 0.974278 0.011076 0.023833
9 0.064076 0.735081 0.128151 0.272801
2 0.625652 0.932826 0.011076 0.023838
2 0.636145 0.816764 0.011076 0.023833
2 0.651882 0.818838 0.011076 0.023833
7 0.176234 0.241634 0.058292 0.075991
2 0.705509 0.533861 0.011076 0.023833
1 0.421342 0.554551 0.047216 0.132657
2 0.092879 0.405366 0.011076 0.023833
1 0.581349 0.652991 0.027979 0.097407
2 0.472348 0.884120 0.011076 0.023833
1 0.191970 0.110505 0.023315 0.046630
2 0.929926 0.371167 0.011076 0.023833
2 0.929926 0.396037 0.011076 0.023833
2 0.720665 0.409509 0.011076 0.023833
2 0.696766 0.460287 0.011073 0.023833
9 0.651458 0.149000 0.049073 0.082102
2 0.274163 0.469613 0.011076 0.023838
2 0.735237 0.953551 0.011073 0.023833
1 0.642553 0.513613 0.033810 0.044560
2 0.833165 0.722463 0.011076 0.023833
2 0.151171 0.487231 0.011076 0.023833
2 0.594176 0.989470 0.011076 0.021060
2 0.781285 0.790856 0.011076 0.023833
2 0.732322 0.868579 0.011076 0.023833
2 0.658294 0.922463 0.011073 0.023833
8 0.593596 0.834285 0.017495 0.041245
2 0.681027 0.826090 0.011076 0.023838
1 0.593882 0.772678 0.034393 0.069431
8 0.894073 0.932331 0.057219 0.135338
2 0.767297 0.829199 0.011073 0.023833
2 0.713671 0.492412 0.011076 0.023833
7 0.959072 0.483086 0.058289 0.075995
2 0.191389 0.531792 0.011076 0.023833
8 0.472540 0.623100 0.028669 0.045468
2 0.625069 0.949407 0.011076 0.023833
1 0.203921 0.499106 0.022732 0.048704
7 0.808678 0.231794 0.036133 0.045949
2 0.479051 0.859727 0.011076 0.023833
2 0.776040 0.955625 0.011076 0.023833
7 0.946247 0.254069 0.058292 0.075991
8 0.059658 0.553021 0.021674 0.031644
9 0.752142 0.355613 0.016430 0.075866
8 0.560658 0.801731 0.017591 0.038204
2 0.566779 0.993097 0.011073 0.013806
