1 0.28086067708333334325 0.80678703703703702477 0.07130468750000001910 0.11285185185185184209
1 0.44129557291666665630 0.51924999999999998934 0.06347656250000000000 0.08502777777777781321
1 0.47738151041666665453 0.85702777777777783275 0.08695572916666663432 0.14840740740740737680
1 0.38607812499999999423 0.59345138888888893103 0.07826041666666666563 0.11903240740740746173
1 0.25694791666666666474 0.67925000000000002043 0.12260937499999997879 0.09584259259259259034
6 0.85825260416666671048 0.16137499999999999067 0.27130729166666661678 0.31845370370370368329
9 0.67564322916666674779 0.43345370370370367441 0.09043229166666660879 0.18241666666666667140
8 0.91694791666666664032 0.78128009259259256769 0.04260937499999997019 0.04637500000000003425
8 0.79346875000000005596 0.96252314814814821098 0.10173958333333341097 0.07495370370370374458
8 0.79259895833333326998 0.82688425925925923554 0.01826041666666663663 0.03864814814814815369
8 0.68868619791666674246 0.20234259259259260166 0.16521614583333329995 0.31690740740740747095
8 0.61173046875000003375 0.39403240740740741455 0.04956510416666664448 0.09120370370370370350
8 0.82694791666666667140 0.36001851851851851549 0.30086979166666671937 0.29835185185185175705
