9 0.108475 0.770484 0.076369 0.208700
8 0.845316 0.495596 0.019751 0.036111
8 0.356005 0.626298 0.053875 0.104130
8 0.561031 0.647042 0.027023 0.038847
1 0.620549 0.211218 0.029571 0.049986
1 0.388626 0.525968 0.042260 0.061678
2 0.421224 0.816809 0.009547 0.016575
2 0.499266 0.773812 0.010010 0.017076
7 0.135874 0.383984 0.075441 0.093274
2 0.236876 0.928957 0.011488 0.020287
1 0.386851 0.303875 0.037430 0.055943
8 0.960195 0.578866 0.053939 0.056560
7 0.525388 0.372880 0.034321 0.047762
2 0.519740 0.563044 0.010210 0.017508
2 0.652958 0.553806 0.010218 0.017549
2 0.625496 0.257413 0.010766 0.019939
2 0.450126 0.913816 0.010029 0.017746
1 0.631988 0.784196 0.022885 0.040382
1 0.343211 0.974093 0.041439 0.051813
