6 0.813147 0.224972 0.116026 0.337530
8 0.896260 0.564389 0.070916 0.107496
1 0.285448 0.583920 0.044049 0.060290
8 0.473766 0.847324 0.044229 0.063712
1 0.420787 0.226505 0.044300 0.064642
1 0.551313 0.594860 0.044928 0.067608
1 0.398647 0.046554 0.027305 0.037215
2 0.353847 0.949763 0.009806 0.017416
1 0.576217 0.235652 0.049385 0.062830
7 0.660436 0.128293 0.043179 0.053321
2 0.564166 0.957630 0.009621 0.017008
2 0.464518 0.963219 0.009644 0.017575
1 0.548516 0.118162 0.021257 0.036415
2 0.418584 0.956340 0.009563 0.017893
1 0.652352 0.174895 0.018873 0.033230
2 0.460302 0.731983 0.009494 0.018856
2 0.562833 0.924271 0.008643 0.015683
1 0.531231 0.180409 0.041049 0.053194
2 0.865843 0.443560 0.010034 0.018185
