8 0.190577 0.254745 0.032805 0.045972
2 0.421309 0.992032 0.009607 0.015935
8 0.700129 0.736616 0.021060 0.041148
2 0.503887 0.874785 0.009607 0.016329
2 0.523316 0.708984 0.009607 0.016329
2 0.329014 0.428326 0.009607 0.016329
2 0.310072 0.461141 0.009607 0.016329
2 0.592328 0.947104 0.022495 0.034588
2 0.631152 0.316928 0.009607 0.016329
7 0.709896 0.103287 0.043240 0.052370
2 0.560720 0.676164 0.009607 0.016329
2 0.418879 0.784109 0.009607 0.016329
2 0.380991 0.192572 0.009607 0.016329
2 0.686043 0.879965 0.009607 0.016329
7 0.714094 0.179389 0.043240 0.052370
2 0.550033 0.381692 0.009607 0.016329
1 0.325378 0.375685 0.017974 0.032815
2 0.542746 0.658896 0.009607 0.016329
2 0.667098 0.844558 0.009607 0.016329
2 0.681671 0.645942 0.009607 0.016329
2 0.336303 0.394646 0.009607 0.016329
8 0.233380 0.337581 0.032979 0.061042
7 0.247401 0.248766 0.061708 0.068764
2 0.620952 0.437826 0.009607 0.016329
2 0.756962 0.676164 0.009607 0.016329
2 0.405764 0.559586 0.009607 0.016329
2 0.636496 0.666669 0.009607 0.016329
2 0.448996 0.534544 0.009607 0.016329
1 0.352336 0.348484 0.014573 0.033681
2 0.523803 0.648535 0.009607 0.016329
9 0.180534 0.667336 0.155182 0.429125
2 0.697215 0.327289 0.009607 0.016329
2 0.471340 0.911053 0.009607 0.016329
1 0.722723 0.832940 0.017971 0.037130
2 0.805053 0.586354 0.009607 0.016329
2 0.769592 0.477549 0.009607 0.016329
2 0.552947 0.936961 0.009607 0.016329
2 0.647180 0.844549 0.009599 0.023218
2 0.377832 0.870475 0.016888 0.030162
2 0.072053 0.335062 0.009607 0.016329
8 0.203448 0.945194 0.085198 0.101602
9 0.453142 0.112512 0.065471 0.186329
6 0.902835 0.866313 0.127492 0.264847
2 0.504858 0.542317 0.009607 0.016329
2 0.241336 0.483155 0.013005 0.025819
2 0.321243 0.475822 0.009607 0.016329
2 0.685556 0.706391 0.009607 0.016329
2 0.612694 0.452507 0.009607 0.016329
2 0.672928 0.698618 0.009607 0.016329
2 0.536918 0.642488 0.009607 0.016329
2 0.231379 0.188257 0.009607 0.016329
2 0.696243 0.755613 0.009607 0.016329
1 0.817444 0.317396 0.017003 0.052681
7 0.594906 0.186111 0.066750 0.068796
2 0.527202 0.677030 0.009607 0.016329
2 0.294527 0.045771 0.009607 0.016329
2 0.644754 0.939553 0.009607 0.016329
2 0.191555 0.446032 0.013505 0.027565
2 0.701587 0.788428 0.009607 0.016329
8 0.564382 0.293475 0.044268 0.049801
7 0.568042 0.065981 0.043240 0.052370
2 0.764740 0.774606 0.008646 0.030139
1 0.758910 0.637775 0.023315 0.057856
2 0.353788 0.082900 0.009607 0.016329
2 0.124027 0.397238 0.009607 0.016329
2 0.512145 0.662350 0.009607 0.016329
2 0.797764 0.559586 0.009607 0.016329
2 0.610264 0.462002 0.009607 0.016329
7 0.536146 0.137606 0.043240 0.052370
2 0.335329 0.985322 0.009607 0.016329
1 0.555380 0.523354 0.029146 0.041449
1 0.602741 0.786741 0.020888 0.055269
7 0.503409 0.142083 0.043240 0.052370
8 0.027263 0.531759 0.054526 0.168991
2 0.684585 0.683076 0.009607 0.016329
7 0.877977 0.152532 0.043240 0.052370
2 0.057243 0.347141 0.018846 0.028403
2 0.296470 0.427461 0.009607 0.016329
1 0.476689 0.647706 0.023315 0.070810
8 0.128395 0.313713 0.026977 0.040796
2 0.679728 0.725387 0.009607 0.016329
2 0.514087 0.871331 0.009607 0.016329
8 0.406953 0.620356 0.017177 0.026454
2 0.590350 0.372192 0.009607 0.016329
2 0.483970 0.426600 0.009607 0.016329
2 0.695272 0.790155 0.009607 0.016329
2 0.505829 0.435234 0.009607 0.016329
2 0.311043 0.230572 0.009607 0.016329
2 0.425681 0.420553 0.009607 0.016329
2 0.434910 0.977549 0.009607 0.016329
2 0.687986 0.641623 0.009607 0.016329
2 0.468421 0.942850 0.009607 0.016329
2 0.437900 0.925044 0.011440 0.023625
1 0.290160 0.818248 0.094237 0.132144
2 0.445111 0.439553 0.009607 0.016329
8 0.677257 0.756361 0.021060 0.041148
2 0.630181 0.940414 0.009607 0.016329
