2 0.119656 0.230569 0.010099 0.018583
1 0.946410 0.883456 0.032060 0.096718
2 0.649125 0.408463 0.010099 0.018583
2 0.378562 0.711574 0.010099 0.018583
1 0.304005 0.599347 0.040318 0.053537
2 0.758419 0.394646 0.010099 0.018588
2 0.742391 0.405873 0.010099 0.018588
1 0.642573 0.186567 0.033516 0.039727
2 0.659813 0.804838 0.010099 0.018583
2 0.792422 0.398102 0.010099 0.018583
2 0.747247 0.308292 0.010099 0.018583
2 0.362047 0.781519 0.010099 0.018583
2 0.740447 0.992331 0.010096 0.015338
8 0.804566 0.504317 0.024773 0.037995
2 0.541289 0.914509 0.010099 0.018583
2 0.370305 0.765977 0.010099 0.018583
8 0.752836 0.523750 0.044693 0.047500
2 0.375161 0.698620 0.010099 0.018583
1 0.740937 0.629572 0.024286 0.063903
2 0.135201 0.305699 0.010099 0.018583
1 0.087359 0.518174 0.064604 0.115718
8 0.532465 0.359273 0.026596 0.036352
2 0.548090 0.870468 0.010096 0.018583
1 0.177466 0.153750 0.045661 0.051815
2 0.873543 0.182213 0.010096 0.018583
2 0.356703 0.703801 0.010099 0.018583
2 0.539346 0.883421 0.010099 0.018583
1 0.492961 0.153752 0.019917 0.056995
2 0.444618 0.512528 0.013003 0.028093
2 0.547118 0.893782 0.010096 0.018583
2 0.728789 0.335926 0.010099 0.018583
2 0.441224 0.054403 0.010099 0.018583
8 0.743609 0.200382 0.024771 0.037995
2 0.391191 0.795338 0.010096 0.018583
1 0.943740 0.190454 0.048089 0.104491
2 0.685557 0.722799 0.010099 0.018588
2 0.817681 0.235752 0.010096 0.018588
2 0.324643 0.567359 0.010099 0.018588
2 0.112857 0.607083 0.010099 0.018583
2 0.341885 0.761218 0.010099 0.018583
8 0.398720 0.011667 0.035945 0.023333
2 0.356703 0.791019 0.010099 0.018583
1 0.207340 0.164113 0.034487 0.108810
1 0.628486 0.050556 0.037404 0.057861
1 0.686534 0.109708 0.027203 0.055269
2 0.730732 0.987046 0.010099 0.018583
1 0.534008 0.300988 0.044687 0.054403
2 0.142487 0.311745 0.010099 0.018583
2 0.740447 0.351468 0.010096 0.018583
2 0.486885 0.360104 0.010099 0.018588
2 0.640383 0.420553 0.010099 0.018588
1 0.203697 0.788468 0.032060 0.098444
1 0.476932 0.904183 0.025745 0.070810
2 0.513602 0.443005 0.010099 0.018583
2 0.630667 0.407602 0.010099 0.018583
1 0.978714 0.615755 0.025745 0.048361
2 0.312984 0.840676 0.013979 0.022907
1 0.933294 0.816963 0.036917 0.124352
2 0.767648 0.392919 0.010099 0.018588
2 0.337273 0.759069 0.010099 0.018583
2 0.517973 0.878241 0.010096 0.018583
1 0.968514 0.732771 0.024768 0.076866
2 0.370305 0.790157 0.010099 0.018583
2 0.360590 0.747843 0.010096 0.018583
2 0.356703 0.815199 0.010099 0.018583
8 0.868686 0.544042 0.024773 0.038000
2 0.365447 0.683940 0.010096 0.018583
2 0.653012 0.424007 0.010096 0.018588
2 0.369819 0.154579 0.010096 0.018583
2 0.457740 0.110537 0.010099 0.018583
8 0.642816 0.224086 0.026607 0.042384
1 0.990935 0.412817 0.018130 0.063903
2 0.373219 0.048361 0.010099 0.018583
2 0.130829 0.246116 0.010096 0.018583
1 0.597641 0.952542 0.026229 0.077722
2 0.649125 0.994058 0.010099 0.011884
7 0.351042 0.297542 0.058292 0.075991
2 0.802138 0.382556 0.010099 0.018583
8 0.910460 0.586792 0.024773 0.056139
2 0.391677 0.783248 0.010099 0.018588
2 0.679242 0.696028 0.010099 0.018583
1 0.592784 0.029831 0.025260 0.038856
8 0.292848 0.653231 0.041013 0.063630
2 0.461141 0.582037 0.010099 0.018583
2 0.101198 0.341970 0.010099 0.018588
2 0.548090 0.907602 0.010096 0.018583
7 0.592784 0.341144 0.058292 0.075991
8 0.045574 0.303961 0.071768 0.092449
2 0.662727 0.980139 0.010099 0.018583
2 0.575898 0.594433 0.046536 0.104097
2 0.712759 0.510363 0.010096 0.018588
8 0.651073 0.720211 0.018844 0.049301
2 0.789022 0.283248 0.010096 0.018588
2 0.651555 0.394646 0.010099 0.018588
2 0.136172 0.247843 0.010099 0.018583
2 0.376134 0.816063 0.010096 0.018588
2 0.350875 0.623491 0.010099 0.018583
2 0.366419 0.814336 0.010099 0.018588
2 0.416939 0.450336 0.013987 0.024606
1 0.278017 0.457722 0.040805 0.094991
2 0.164346 0.271157 0.010099 0.018583
2 0.048743 0.613132 0.023711 0.041051
7 0.717682 0.211590 0.058292 0.075995
2 0.539346 0.370468 0.010099 0.018583
2 0.114314 0.241796 0.010096 0.018583
2 0.480083 0.443870 0.010099 0.018583
2 0.361561 0.060449 0.010096 0.018583
1 0.311048 0.140792 0.065091 0.119157
