9 0.86825260416666671937 0.28813888888888888884 0.18347916666666666541 0.15459259259259258701
9 0.61347005208333327264 0.23325231481481481510 0.08087239583333337423 0.21798611111111113048
9 0.91781770833333331527 0.65837962962962959246 0.16260937500000002820 0.23651851851851846131
9 0.78347005208333331261 0.37934490740740739456 0.11304427083333337678 0.16077314814814813726
9 0.27085546874999999467 0.29509490740740740300 0.23042447916666666807 0.54879166666666656660
9 0.32347005208333334814 0.80910416666666662433 0.06608593749999999711 0.08966203703703706784
9 0.22433854166666666874 0.77664120370370370861 0.10086979166666670826 0.17931944444444442022
9 0.67564322916666674779 0.45895833333333335702 0.09739062500000000844 0.18087037037037040355
9 0.45173046875000000266 0.15751157407407409550 0.11043489583333337967 0.26125462962962958668
9 0.37781640625000001421 0.50610879629629623722 0.18695572916666669538 0.26280092592592591005
9 0.87607812500000004086 0.88986574074074076268 0.17826041666666667118 0.22026851851851850239
9 0.57999088541666665719 0.58881481481481490192 0.17739322916666674934 0.46840740740740738346
