8 0.54769661458333329662 0.91866203703703697148 0.02509114583333331081 0.04636111111111115846
8 0.45199739583333337078 0.31030092592592595224 0.01476041666666668382 0.02449074074074078164
8 0.40328645833333331971 0.51017129629629620613 0.03345833333333327747 0.04986111111111113381
8 0.85152213541666676999 0.26918749999999996847 0.03936197916666669266 0.04898611111111113997
8 0.32087239583333337922 0.94184259259259262009 0.05363020833333329018 0.10846296296296295547
8 0.22837109374999997602 0.61295138888888889284 0.03690364583333331089 0.05073611111111107214
8 0.36072526041666663765 0.21583101851851851927 0.01623697916666664437 0.03323611111111109129
8 0.74598307291666665630 0.26743749999999999467 0.03690364583333334558 0.04548611111111110911
8 0.58853385416666670338 0.81632175925925931637 0.04083854166666670699 0.05510648148148147157
8 0.94648437500000004441 0.28231018518518519178 0.03247395833333328874 0.05248148148148149006
8 0.08691406250000000000 0.49748842592592595890 0.01771354166666666216 0.03323611111111109129
8 0.44092708333333330284 0.72360185185185188494 0.02607812500000002490 0.07435185185185180790
