9 0.081552 0.647150 0.161478 0.659087
9 0.504606 0.426089 0.139856 0.188684
9 0.666300 0.434989 0.047984 0.108580
9 0.597027 0.171970 0.169885 0.322828
9 0.867560 0.877351 0.073199 0.132859
9 0.800699 0.763289 0.100178 0.202938
9 0.314910 0.760273 0.127023 0.135045
8 0.251655 0.701611 0.152272 0.317370
8 0.761749 0.975934 0.037178 0.048133
9 0.336676 0.852578 0.329828 0.294844
9 0.841634 0.410381 0.184340 0.393083
8 0.585640 0.631143 0.013396 0.024372
9 0.201526 0.384625 0.063185 0.096032
9 0.953734 0.847324 0.092531 0.252609
9 0.076822 0.263322 0.097879 0.211047
8 0.672435 0.940052 0.026662 0.051817
8 0.427374 0.707343 0.019912 0.043018
1 0.582548 0.698813 0.040153 0.086350
9 0.930432 0.929591 0.139136 0.140818
9 0.912078 0.663462 0.175844 0.224836
8 0.496255 0.524494 0.014035 0.026604
8 0.433623 0.615478 0.017693 0.030241
9 0.917646 0.739547 0.164708 0.466627
9 0.351985 0.438614 0.163485 0.178160
9 0.291468 0.200863 0.077985 0.114799
9 0.151820 0.692806 0.107485 0.310851
8 0.153017 0.693816 0.112202 0.324512
8 0.404144 0.686454 0.019814 0.035382
1 0.478766 0.686893 0.048214 0.107194
