0 0.70025781249999996536 0.93321296296296296635 0.01390104166666657724 0.02625925925925916629
9 0.84417447916666665808 0.73893287037037036491 0.08366145833333339665 0.15458796296296289929
9 0.10735026041666667629 0.58844444444444443665 0.20685156249999997469 0.49538888888888887863
9 0.92658463541666669094 0.63665972222222222410 0.13119010416666665453 0.15291203703703701300
9 0.13639973958333334592 0.26905555555555560332 0.09904427083333335047 0.17144444444444445486
9 0.23718359375000000466 0.68454166666666660390 0.06602864583333331594 0.27338888888888890349
9 0.97559635416666667940 0.77816435185185184320 0.04611458333333331300 0.13233796296296290729
9 0.63370052083333328063 0.17380555555555557423 0.14888020833333340254 0.34325925925925920845
9 0.69924609375000001954 0.43209490740740741366 0.04150260416666663732 0.09603240740740738579
9 0.72024088541666664298 0.47679861111111110361 0.20329947916666668561 0.25948611111111119509
8 0.31754817708333332726 0.68917361111111097305 0.10686197916666664853 0.27338425925925924354
9 0.25326562499999999423 0.40164583333333336856 0.06126562500000002492 0.09134722222222224630
9 0.40576822916666671626 0.45142129629629629273 0.13570312500000003553 0.15341666666666667340
8 0.72098567708333338722 0.89937731481481475448 0.02437239583333337262 0.04684722222222224841
9 0.54180208333333335080 0.41804166666666670027 0.12977604166666670271 0.13585185185185189027
9 0.81320312499999991562 0.09065972222222222487 0.13727083333333342519 0.17607870370370370949
9 0.90346223958333338189 0.84784722222222219656 0.07444010416666664576 0.12413888888888893747
9 0.38531510416666669983 0.73551157407407408151 0.12423958333333337545 0.14981944444444439402
9 0.28540234375000000933 0.30998842592592595890 0.11381510416666668073 0.08649537037037038911
9 0.33579166666666665497 0.31230555555555555847 0.08775000000000000855 0.26412037037037039422
