2 0.757449 0.486183 0.008258 0.015542
2 0.704988 0.422280 0.008258 0.015542
2 0.506315 0.534544 0.008255 0.015542
2 0.431509 0.704664 0.008258 0.015542
8 0.243148 0.437190 0.029406 0.045556
2 0.424710 0.765113 0.008258 0.015542
8 0.580150 0.402419 0.012482 0.023181
2 0.605408 0.553542 0.008258 0.015546
2 0.331931 0.760794 0.008258 0.015542
2 0.392650 0.822970 0.008258 0.015542
8 0.222396 0.544465 0.041250 0.045606
2 0.550520 0.992229 0.008258 0.015542
2 0.532059 0.503456 0.008258 0.015542
2 0.617553 0.529361 0.008258 0.015546
2 0.476931 0.962042 0.008258 0.015546
2 0.453853 0.948188 0.008258 0.015542
2 0.446082 0.422280 0.008258 0.015542
2 0.502915 0.885148 0.008258 0.015546
9 0.695052 0.805579 0.144948 0.388843
2 0.640868 0.398965 0.008258 0.015542
2 0.572863 0.763384 0.008258 0.015546
8 0.262232 0.263113 0.025214 0.034394
2 0.407223 0.510363 0.008258 0.015542
2 0.432967 0.678757 0.008258 0.015542
2 0.874514 0.688257 0.008258 0.015542
8 0.596178 0.406738 0.012482 0.023181
2 0.169689 0.854060 0.008258 0.015546
2 0.470368 0.594127 0.008258 0.015542
2 0.570921 0.771157 0.008258 0.015546
2 0.458712 0.644215 0.008258 0.015542
2 0.269270 0.594991 0.008258 0.015546
2 0.422766 0.912780 0.008255 0.015542
2 0.515543 0.566495 0.008258 0.015546
2 0.553434 0.626942 0.008258 0.015542
2 0.537402 0.316926 0.008258 0.015546
8 0.588803 0.376396 0.012482 0.023181
2 0.414509 0.462005 0.008258 0.015546
2 0.420337 0.766840 0.008258 0.015542
9 0.662983 0.400931 0.065299 0.129157
2 0.374676 0.879965 0.008258 0.015542
2 0.467454 0.261657 0.008258 0.015546
2 0.049714 0.708977 0.013125 0.018991
2 0.429566 0.992229 0.008258 0.015542
2 0.424710 0.504319 0.008258 0.015546
2 0.597637 0.536271 0.008258 0.015542
2 0.512629 0.529361 0.008258 0.015546
2 0.519915 0.797065 0.008258 0.015546
2 0.473285 0.571676 0.008258 0.015546
2 0.445111 0.936961 0.008258 0.015542
2 0.406736 0.819516 0.008258 0.015542
2 0.195434 0.650259 0.008258 0.015546
2 0.565090 0.479275 0.008258 0.015542
2 0.422280 0.801382 0.008258 0.015542
2 0.380507 0.896373 0.008258 0.015542
2 0.535947 0.611400 0.008258 0.015542
2 0.492228 0.506910 0.008258 0.015542
2 0.432967 0.993956 0.008258 0.012088
8 0.914586 0.686958 0.023474 0.039667
2 0.391191 0.898102 0.008258 0.015546
2 0.424710 0.541451 0.008258 0.015542
2 0.205150 0.475822 0.008258 0.015542
8 0.394100 0.346708 0.040706 0.079824
2 0.490772 0.837653 0.008258 0.015546
2 0.380020 0.470639 0.008258 0.015546
2 0.431509 0.825563 0.008258 0.015542
2 0.392650 0.498273 0.008258 0.015546
2 0.491257 0.493956 0.008258 0.015542
8 0.528714 0.898792 0.043469 0.068528
2 0.251780 0.698620 0.008258 0.015546
8 0.599462 0.867877 0.014253 0.033625
2 0.451426 0.580313 0.008258 0.015542
8 0.065736 0.965465 0.021117 0.047782
2 0.439280 0.927461 0.008258 0.015542
2 0.355733 0.849741 0.008258 0.015546
2 0.415965 0.835060 0.008258 0.015546
2 0.365447 0.868741 0.008258 0.015546
8 0.274177 0.298822 0.021286 0.035801
2 0.435395 0.659759 0.008258 0.015546
2 0.604436 0.791019 0.008258 0.015546
7 0.860999 0.523738 0.038940 0.055949
1 0.364484 0.580345 0.045667 0.131255
2 0.248382 0.768567 0.008258 0.015542
