9 0.68592317708333327975 0.78030324074074075558 0.07384635416666671115 0.11893055555555560876
9 0.69678255208333328419 0.63743287037037033027 0.07645572916666670826 0.15754166666666666319
9 0.67940624999999998934 0.91602314814814822519 0.10599479166666665730 0.16795370370370368840
9 0.40964062499999998046 0.48452314814814811950 0.11033854166666662300 0.20387962962962963287
9 0.59991145833333325843 0.66291666666666670960 0.10686458333333336002 0.25485185185185188494
9 0.52866796874999999467 0.06749305555555557001 0.14509114583333329596 0.12974537037037037202
9 0.75108463541666670160 0.15707638888888889039 0.06689843750000008804 0.10503240740740742154
9 0.92180468749999999734 0.67141203703703700167 0.07297916666666660890 0.13591666666666663010
8 0.38140494791666668117 0.64978935185185193735 0.04865364583333331439 0.08649537037037033360
9 0.82015364583333327797 0.84131249999999990763 0.15117187500000001110 0.27493055555555551139
9 0.26194270833333332948 0.05821759259259259162 0.08601041666666665864 0.10810185185185185175
9 0.15855598958333333437 0.46984953703703702388 0.13119010416666665453 0.26720833333333338100
9 0.67853776041666669094 0.06749305555555555614 0.03127864583333325038 0.12356018518518520344
9 0.45785937500000001288 0.29917592592592595624 0.19808854166666675645 0.25330555555555556158
9 0.87619270833333329218 0.70230324074074068630 0.13292708333333333459 0.27802314814814815813
9 0.92441145833333326909 0.48606712962962961289 0.07297916666666673380 0.09267129629629627940
9 0.53952864583333337567 0.89903240740740730796 0.14943750000000002864 0.20193518518518521754
9 0.19721744791666664942 0.59650231481481486018 0.29713281250000000977 0.77691203703703703987
