1 0.15572005208333331017 0.72899768518518515137 0.07015364583333333348 0.12679166666666660812
9 0.54730208333333341120 0.35822916666666665408 0.11647916666666671692 0.20589351851851853126
9 0.61902473958333337212 0.90541203703703709849 0.29452864583333338011 0.17762037037037040066
9 0.29382682291666667451 0.70766666666666666607 0.09397656249999999933 0.26001851851851853770
9 0.47218619791666671670 0.20939583333333330883 0.08140364583333331572 0.19766203703703702499
8 0.32776171874999998623 0.12385185185185183798 0.09420572916666666852 0.20942592592592593204
9 0.45742578125000005196 0.81562731481481487439 0.13119010416666665453 0.36874537037037036225
9 0.59693749999999989875 0.53647685185185178813 0.13501041666666668828 0.26354629629629633403
8 0.33122005208333338278 0.32116898148148148584 0.07213802083333333004 0.11294907407407409061
9 0.61811588541666651064 0.23645601851851852371 0.13898177083333335124 0.34119907407407407129
9 0.42619010416666663899 0.90179861111111125904 0.21442708333333335147 0.18471759259259259989
