8 0.329782 0.865988 0.042463 0.090261
7 0.332825 0.113160 0.045877 0.060348
2 0.662054 0.941946 0.011272 0.021504
8 0.963820 0.924201 0.046838 0.081320
2 0.506137 0.492311 0.011356 0.019740
9 0.548225 0.076508 0.035329 0.052932
2 0.193808 0.668659 0.012499 0.022000
2 0.540322 0.848604 0.009244 0.016681
2 0.356445 0.119402 0.009732 0.018412
8 0.948057 0.303017 0.063309 0.127105
1 0.856392 0.969924 0.041703 0.060152
2 0.926770 0.424901 0.015222 0.024164
2 0.424242 0.607675 0.009066 0.016069
8 0.065144 0.590288 0.018970 0.031933
9 0.563627 0.922984 0.058416 0.153289
2 0.477744 0.656322 0.009416 0.018015
2 0.743781 0.528695 0.010676 0.019893
2 0.565562 0.402361 0.009180 0.016349
6 0.680913 0.696103 0.068766 0.140154
2 0.462098 0.860838 0.009894 0.018262
2 0.677691 0.510803 0.010195 0.019433
2 0.434866 0.629349 0.010405 0.019326
2 0.619626 0.808853 0.008690 0.016277
2 0.694028 0.417434 0.012715 0.022602
2 0.850482 0.696831 0.011311 0.020919
2 0.710098 0.848417 0.008863 0.016983
2 0.906650 0.921578 0.012506 0.021817
2 0.860845 0.665043 0.011163 0.019341
2 0.198365 0.766333 0.012407 0.022880
2 0.387527 0.877155 0.010158 0.019014
2 0.663587 0.761318 0.009823 0.017641
2 0.790957 0.906174 0.011359 0.020560
1 0.603874 0.138362 0.022198 0.040557
2 0.731041 0.814723 0.009595 0.016502
2 0.618918 0.927353 0.008624 0.016506
2 0.579112 0.819112 0.009437 0.016876
