2 0.732371 0.580593 0.008742 0.015528
2 0.649599 0.581627 0.008745 0.015523
2 0.642604 0.597171 0.008745 0.015528
2 0.634444 0.665565 0.008742 0.015528
2 0.642604 0.519451 0.008745 0.015523
2 0.714884 0.961940 0.008742 0.015528
2 0.552837 0.513234 0.008742 0.015523
8 0.566242 0.880079 0.012307 0.049657
2 0.787746 0.486292 0.008742 0.015528
2 0.462488 0.926706 0.008742 0.015523
2 0.361938 0.102875 0.013990 0.021750
1 0.415863 0.457238 0.036138 0.093264
1 0.543741 0.868718 0.024758 0.038898
8 0.434500 0.733838 0.024974 0.034843
2 0.695363 0.949495 0.011669 0.017583
2 0.505039 0.669711 0.008745 0.015523
2 0.597138 0.953648 0.008745 0.015528
2 0.595973 0.866602 0.008742 0.015528
7 0.808691 0.267231 0.058294 0.071037
2 0.816309 0.615824 0.008742 0.015528
7 0.345854 0.371995 0.079437 0.094343
2 0.484638 0.634477 0.008745 0.015528
2 0.707889 0.425150 0.008742 0.015523
2 0.620454 0.368155 0.008742 0.015523
2 0.484055 0.596134 0.008745 0.015528
2 0.547008 0.501833 0.008745 0.015528
2 0.514366 0.703907 0.008742 0.015528
8 0.926198 0.272620 0.037349 0.045093
2 0.467734 0.640694 0.008745 0.015528
2 0.725960 0.896653 0.008742 0.015528
2 0.808148 0.730850 0.008745 0.015523
2 0.430145 0.926160 0.008742 0.015523
2 0.755688 0.992632 0.008745 0.014736
8 0.474095 0.981338 0.029654 0.037324
2 0.636775 0.716343 0.008742 0.015528
2 0.616957 0.821007 0.008742 0.015523
8 0.741380 0.745641 0.016385 0.030634
8 0.414645 0.149544 0.012576 0.022171
2 0.660091 0.698727 0.008745 0.015528
2 0.668835 0.729815 0.008742 0.015528
2 0.496296 0.662456 0.008742 0.015523
8 0.219182 0.992792 0.034464 0.014417
2 0.772008 0.779556 0.008745 0.015528
2 0.484638 0.608572 0.008745 0.015523
8 0.240986 0.315306 0.049221 0.060509
1 0.257605 0.505944 0.036721 0.103630
2 0.609961 0.802352 0.008745 0.015528
2 0.573822 0.478000 0.008742 0.015528
2 0.639690 0.607535 0.008745 0.015523
7 0.681772 0.553750 0.096560 0.131944
2 0.565661 0.476965 0.008745 0.015523
2 0.475311 0.371266 0.008742 0.015523
8 0.526721 0.551859 0.018099 0.028264
2 0.318510 0.245877 0.008745 0.015523
2 0.461905 0.699762 0.008742 0.015523
2 0.649017 0.719451 0.008742 0.015523
8 0.564784 0.643285 0.022984 0.036671
8 0.599299 0.691097 0.030568 0.048074
2 0.630947 0.624116 0.008742 0.015528
2 0.474728 0.642769 0.008742 0.015528
2 0.631529 0.739141 0.008745 0.015523
7 0.290962 0.568065 0.058294 0.071037
2 0.623952 0.908053 0.008742 0.015523
2 0.388460 0.723597 0.008742 0.015528
8 0.566956 0.704192 0.022495 0.040486
1 0.265475 0.753611 0.045466 0.062176
2 0.737906 0.986817 0.010490 0.025903
2 0.465402 0.309088 0.008742 0.015528
8 0.724552 0.827363 0.030839 0.050245
2 0.473562 0.905981 0.008745 0.015528
2 0.498628 0.670748 0.008745 0.015523
2 0.410609 0.696653 0.008745 0.015528
2 0.744029 0.514271 0.008745 0.015523
2 0.816309 0.923597 0.008742 0.015528
2 0.656010 0.503907 0.008745 0.015528
2 0.472397 0.346394 0.008742 0.015528
9 0.195025 0.099546 0.043523 0.104759
2 0.370973 0.758829 0.008742 0.015528
2 0.445583 0.495618 0.008745 0.015523
2 0.586063 0.808572 0.008745 0.015523
2 0.628323 0.843803 0.010490 0.021745
2 0.715467 0.588882 0.008742 0.015523
2 0.643770 0.669711 0.008742 0.015523
2 0.553124 0.902347 0.012815 0.024843
1 0.457400 0.847544 0.044518 0.067875
8 0.061161 0.407025 0.038146 0.047060
2 0.528355 0.791991 0.008742 0.015528
2 0.674664 0.751576 0.008745 0.015523
2 0.559832 0.492509 0.008742 0.015528
2 0.744029 0.499762 0.008745 0.015523
2 0.437423 0.596134 0.008742 0.015528
2 0.335415 0.772301 0.008742 0.015528
2 0.609961 0.872819 0.008745 0.015528
2 0.597138 0.767120 0.008745 0.015528
2 0.619288 0.920488 0.008742 0.015523
2 0.565661 0.311162 0.008745 0.015528
8 0.709617 0.336169 0.014578 0.027116
2 0.799988 0.744322 0.008742 0.015523
2 0.656010 0.686292 0.008745 0.015528
2 0.622203 0.647949 0.008745 0.015528
