2 0.439767 0.743523 0.008451 0.016287
2 0.410137 0.942144 0.008451 0.016287
2 0.269754 0.929188 0.008451 0.016282
2 0.722960 0.398965 0.008451 0.016282
7 0.806988 0.234356 0.064466 0.071630
2 0.517488 0.691711 0.008451 0.016282
2 0.649611 0.742660 0.008451 0.016282
2 0.466483 0.673576 0.008451 0.016282
2 0.787079 0.597583 0.008451 0.016287
8 0.653577 0.173977 0.031206 0.069611
2 0.487371 0.873058 0.008451 0.016282
8 0.720642 0.458984 0.024451 0.057625
2 0.573835 0.686528 0.008451 0.016287
8 0.991549 0.647067 0.016901 0.056606
2 0.586949 0.648532 0.008451 0.016287
2 0.563147 0.841106 0.008451 0.016287
2 0.465512 0.778931 0.008451 0.016287
7 0.897665 0.560266 0.064466 0.071625
1 0.339707 0.510831 0.034003 0.087218
8 0.226879 0.581449 0.031102 0.075398
2 0.704988 0.462005 0.008451 0.016287
1 0.524779 0.323007 0.051490 0.060449
2 0.578691 0.854924 0.008451 0.016282
2 0.359618 0.233162 0.008451 0.016287
2 0.534004 0.677030 0.008451 0.016282
2 0.423738 0.915373 0.008451 0.016282
2 0.713246 0.505183 0.008451 0.016282
8 0.323599 0.911806 0.030495 0.047565
2 0.521374 0.881692 0.008451 0.016282
2 0.498056 0.276338 0.008451 0.016287
8 0.085167 0.107074 0.021490 0.041963
1 0.653503 0.358414 0.022344 0.051810
2 0.682642 0.895509 0.008451 0.016287
6 0.802902 0.871875 0.106279 0.256250
2 0.500000 0.902419 0.008448 0.016282
2 0.467941 0.595854 0.008451 0.016282
2 0.251296 0.714162 0.008451 0.016287
2 0.564118 0.731435 0.008451 0.016287
2 0.373704 0.952505 0.008451 0.016287
2 0.425194 0.759067 0.008451 0.016282
8 0.721569 0.701544 0.038372 0.052292
2 0.686527 0.992907 0.008451 0.014185
8 0.294737 0.950699 0.019422 0.037731
2 0.612694 0.992907 0.008451 0.014185
2 0.584522 0.861831 0.008451 0.016282
2 0.560233 0.820380 0.008451 0.016287
2 0.244009 0.259931 0.008451 0.016287
7 0.866443 0.193183 0.040292 0.064468
2 0.643783 0.662350 0.008451 0.016282
2 0.581605 0.674440 0.008451 0.016287
8 0.801341 0.426350 0.059172 0.099875
2 0.463082 0.774611 0.008451 0.016287
2 0.514572 0.260794 0.008451 0.016282
8 0.456771 0.045069 0.098594 0.090139
2 0.367389 0.979275 0.008451 0.016282
2 0.619009 0.659759 0.008451 0.016287
9 0.226219 0.142734 0.057797 0.072468
1 0.053357 0.538468 0.040318 0.035407
2 0.420228 0.805588 0.008451 0.016287
2 0.203691 0.410190 0.008451 0.016287
2 0.697215 0.411053 0.008451 0.016282
1 0.421951 0.349306 0.049240 0.061620
2 0.669040 0.647669 0.008451 0.016282
