1 0.33758072916666664876 0.06127314814814814603 0.07026041666666665853 0.08238888888888888651
1 0.46346874999999998490 0.58649768518518519134 0.11652083333333335124 0.12057870370370372959
1 0.19781640624999999312 0.75113425925925914051 0.15217447916666665408 0.07884259259259257524
1 0.78216406250000003464 0.48446759259259258856 0.08086979166666677377 0.14222222222222219434
1 0.05477343750000000094 0.72949074074074060636 0.06260937500000000877 0.09429629629629632248
1 0.14972395833333335124 0.52015046296296296724 0.05032812500000001521 0.08061574074074068230
1 0.19083203125000000600 0.29824305555555558067 0.06378385416666665364 0.06378240740740739878
2 0.16766145833333331860 0.44706712962962963376 0.02541145833333334492 0.02657870370370368773
8 0.88496223958333330994 0.20655555555555557556 0.04684114583333330584 0.08592592592592593337
9 0.42777343750000001998 0.07854861111111111072 0.02641145833333329376 0.04252314814814815019
