8 0.165891 0.383226 0.038487 0.063046
9 0.248721 0.233336 0.113161 0.246705
8 0.567990 0.438948 0.029100 0.047299
8 0.816682 0.218078 0.024617 0.047379
8 0.774718 0.366506 0.016576 0.027579
2 0.285599 0.897158 0.009048 0.017735
8 0.743350 0.384135 0.022501 0.042082
8 0.311893 0.959859 0.016806 0.031503
1 0.514056 0.487666 0.045191 0.080689
1 0.342467 0.714577 0.042549 0.072223
2 0.584236 0.923570 0.009777 0.018849
2 0.645590 0.723983 0.011587 0.019371
8 0.048992 0.445711 0.030445 0.045761
1 0.653440 0.549386 0.023472 0.041095
1 0.392156 0.960799 0.066389 0.063451
2 0.450136 0.936508 0.010217 0.019826
2 0.557419 0.877708 0.009213 0.016274
8 0.406878 0.635376 0.016779 0.037939
2 0.434018 0.924375 0.014740 0.027726
1 0.246616 0.961338 0.049049 0.066432
1 0.638796 0.452106 0.023009 0.033976
2 0.260681 0.867715 0.010426 0.018576
2 0.560817 0.779053 0.010101 0.016623
1 0.324929 0.862982 0.045860 0.073834
2 0.101080 0.923522 0.011153 0.020281
2 0.657786 0.870074 0.011434 0.019393
2 0.595701 0.859004 0.009609 0.017306
2 0.469897 0.521605 0.008799 0.016577
