9 0.741534 0.654630 0.265554 0.690741
8 0.684266 0.955420 0.036478 0.060589
8 0.448076 0.288514 0.030663 0.050903
9 0.255154 0.210583 0.272373 0.412472
8 0.400010 0.222067 0.033270 0.059596
8 0.363957 0.839663 0.028901 0.058267
9 0.217846 0.551019 0.209583 0.328550
9 0.075537 0.372062 0.151075 0.311840
8 0.415038 0.323858 0.037771 0.052446
8 0.317389 0.808788 0.061433 0.119647
8 0.182514 0.695012 0.029011 0.048811
9 0.548274 0.154773 0.063945 0.136349
8 0.351474 0.600199 0.026368 0.039705
9 0.478384 0.674718 0.328029 0.650565
9 0.080814 0.131872 0.070991 0.263745
9 0.068446 0.945061 0.085529 0.086678
9 0.918634 0.457832 0.162732 0.499040
8 0.131336 0.804496 0.047673 0.115073
8 0.210684 0.291193 0.105180 0.191897
1 0.190325 0.763224 0.035560 0.085001
9 0.908491 0.736682 0.183017 0.523776
9 0.818910 0.750308 0.362181 0.499384
9 0.014269 0.166728 0.027752 0.081925
