0 0.564158 0.972595 0.034242 0.054810
1 0.541047 0.106891 0.040302 0.052714
0 0.535018 0.298426 0.026760 0.046075
1 0.430915 0.442074 0.055501 0.068168
1 0.600391 0.602546 0.072656 0.078241
1 0.380360 0.108347 0.043388 0.054830
1 0.674479 0.257639 0.041146 0.043056
0 0.931366 0.534540 0.024428 0.039797
1 0.589583 0.350402 0.041333 0.052589
1 0.534404 0.383386 0.033298 0.040143
8 0.949223 0.622778 0.037092 0.049044
6 0.171094 0.379861 0.067187 0.187500
1 0.629910 0.836959 0.102290 0.172397
6 0.529185 0.874757 0.036037 0.118669
1 0.364844 0.629861 0.074479 0.069907
1 0.525102 0.503708 0.038736 0.054163
1 0.083984 0.844213 0.080469 0.093981
8 0.930772 0.534077 0.023931 0.040702
1 0.194010 0.833565 0.091146 0.085648
1 0.632675 0.111156 0.031900 0.045086
1 0.386328 0.170139 0.032031 0.033796
1 0.265984 0.262194 0.039334 0.056567
