9 0.159264 0.766448 0.314086 0.417940
9 0.316514 0.232718 0.042544 0.065132
8 0.295714 0.176462 0.051573 0.081749
9 0.928249 0.600842 0.143501 0.346803
9 0.477814 0.610680 0.083595 0.225297
2 0.610858 0.966881 0.008934 0.015429
8 0.280565 0.566916 0.020760 0.029448
1 0.461327 0.062120 0.021228 0.039810
2 0.511175 0.904533 0.008229 0.015517
8 0.927669 0.826637 0.030330 0.048741
2 0.577304 0.829184 0.008931 0.015424
8 0.638914 0.279044 0.016200 0.029670
2 0.792592 0.542653 0.009498 0.017898
2 0.423247 0.422313 0.009797 0.016358
2 0.537545 0.867603 0.008692 0.014970
2 0.380497 0.482828 0.010818 0.017961
1 0.646148 0.742193 0.052023 0.111118
2 0.503302 0.767215 0.010115 0.017590
2 0.417578 0.812424 0.009837 0.016887
2 0.635494 0.933946 0.008950 0.015375
9 0.225211 0.410798 0.054616 0.099450
2 0.468101 0.798432 0.009439 0.016319
2 0.577226 0.927394 0.008547 0.015586
9 0.185891 0.181526 0.030646 0.057432
2 0.380475 0.794841 0.008880 0.015299
2 0.468005 0.858443 0.009248 0.016813
8 0.876003 0.655667 0.034177 0.059806
2 0.389802 0.702471 0.009401 0.017180
2 0.845639 0.745211 0.009464 0.016995
2 0.639920 0.807846 0.009127 0.014689
2 0.785361 0.547562 0.009433 0.018929
2 0.376958 0.549789 0.009453 0.017319
2 0.439847 0.823246 0.009429 0.016247
1 0.483490 0.956260 0.051746 0.070770
2 0.629616 0.612359 0.009499 0.016417
2 0.585310 0.976901 0.009592 0.016599
2 0.773408 0.816967 0.008509 0.015318
