9 0.217442 0.078952 0.029389 0.053191
9 0.378682 0.185600 0.036389 0.067636
9 0.298472 0.101904 0.043175 0.064841
9 0.050610 0.114592 0.085436 0.097296
1 0.601712 0.482428 0.038579 0.047773
9 0.260536 0.167302 0.047193 0.069363
9 0.285849 0.277222 0.063671 0.139332
9 0.396884 0.028366 0.030140 0.049946
1 0.444201 0.629050 0.033856 0.050695
9 0.311264 0.047113 0.044306 0.050309
9 0.131792 0.027557 0.045739 0.055114
8 0.016492 0.785833 0.023450 0.042625
1 0.492860 0.848346 0.041895 0.055291
1 0.431691 0.336190 0.091098 0.105756
1 0.685325 0.363551 0.032843 0.046547
