9 0.116990 0.120625 0.097271 0.241250
9 0.734134 0.944606 0.239805 0.110787
9 0.240612 0.261227 0.059557 0.091343
8 0.468427 0.449910 0.014813 0.026014
9 0.353553 0.754620 0.365596 0.490759
9 0.085768 0.392472 0.171536 0.578204
1 0.424227 0.343697 0.032068 0.063903
8 0.627262 0.491801 0.014799 0.033806
1 0.752104 0.630403 0.074802 0.103639
8 0.720044 0.758204 0.033031 0.050083
1 0.644268 0.619611 0.038859 0.144231
9 0.574560 0.875509 0.132443 0.248981
9 0.649128 0.113727 0.162526 0.227454
8 0.733885 0.566919 0.017229 0.030329
9 0.713971 0.295340 0.048047 0.109412
9 0.166771 0.807861 0.053385 0.129278
9 0.269996 0.232720 0.108393 0.206042
9 0.912406 0.212435 0.081906 0.106889
1 0.765457 0.515975 0.044190 0.126940
9 0.928434 0.727979 0.065372 0.121569
9 0.735824 0.338519 0.236648 0.336481
9 0.335327 0.572528 0.119451 0.154296
8 0.653010 0.909326 0.033031 0.050088
1 0.667583 0.809155 0.038859 0.144236
1 0.461382 0.854933 0.049060 0.093282
8 0.534970 0.382120 0.014799 0.032056
8 0.811371 0.808294 0.033039 0.070819
8 0.185961 0.474530 0.104432 0.320384
9 0.985521 0.688688 0.028958 0.120708
9 0.334596 0.114433 0.073411 0.143912
9 0.549065 0.302252 0.136089 0.160310
8 0.288456 0.515116 0.130661 0.302269
0 0.695272 0.797928 0.014086 0.024181
8 0.498540 0.762090 0.021669 0.031468
9 0.904271 0.571255 0.191458 0.281194
9 0.033922 0.963588 0.065542 0.072824
9 0.156086 0.976111 0.024255 0.047778
1 0.558289 0.686963 0.049547 0.099315
9 0.978646 0.957384 0.042708 0.085231
9 0.875306 0.253896 0.109492 0.317486
9 0.389010 0.293611 0.147240 0.151667
1 0.581121 0.597583 0.050518 0.072537
9 0.044245 0.829442 0.088490 0.174079
1 0.397501 0.482308 0.038852 0.052699
9 0.959635 0.824694 0.080729 0.233667
1 0.519434 0.498699 0.029154 0.135565
