8 0.355510 0.424093 0.028516 0.063249
1 0.593208 0.402295 0.059274 0.082050
1 0.457510 0.594298 0.028513 0.041391
8 0.847321 0.050732 0.067048 0.070476
8 0.776265 0.651342 0.014898 0.029402
8 0.613116 0.647266 0.020879 0.042544
6 0.883633 0.806179 0.080093 0.185705
9 0.945279 0.156912 0.037894 0.060444
8 0.293598 0.869069 0.015867 0.027711
8 0.535165 0.376219 0.031019 0.043136
1 0.789463 0.964790 0.057272 0.067366
8 0.255580 0.260491 0.013879 0.026490
1 0.537201 0.119530 0.114101 0.201080
1 0.468511 0.123231 0.027325 0.044989
1 0.450353 0.409123 0.030043 0.048428
