2 0.334358 0.993759 0.009607 0.012481
2 0.697215 0.945595 0.009607 0.016329
2 0.371762 0.297928 0.009607 0.016329
9 0.245296 0.159361 0.061534 0.091074
9 0.110428 0.107949 0.080966 0.058269
2 0.366905 0.983595 0.009607 0.016329
2 0.363504 0.922280 0.009607 0.016329
2 0.544689 0.627808 0.009607 0.016329
2 0.872572 0.570812 0.009607 0.016329
8 0.292249 0.571146 0.040513 0.062236
8 0.226770 0.086394 0.059747 0.075991
2 0.636012 0.973229 0.009607 0.016329
2 0.535940 0.331183 0.013484 0.024116
2 0.317842 0.947322 0.009607 0.016329
2 0.374676 0.922280 0.009607 0.016329
8 0.491501 0.953377 0.042747 0.078569
2 0.506801 0.407600 0.009607 0.016329
2 0.562663 0.615715 0.009607 0.016329
2 0.763762 0.765113 0.009607 0.016329
2 0.626296 0.902419 0.009607 0.016329
1 0.667589 0.750470 0.036917 0.079449
1 0.051508 0.243190 0.059240 0.098861
2 0.620952 0.270294 0.009607 0.016329
8 0.775986 0.171845 0.030227 0.039245
8 0.762993 0.265398 0.021878 0.042167
2 0.462111 0.420553 0.009607 0.016329
1 0.222156 0.843301 0.033031 0.111398
1 0.874276 0.822144 0.033516 0.055269
8 0.529393 0.863164 0.036432 0.094125
8 0.250079 0.346729 0.043232 0.049227
8 0.701230 0.278317 0.018273 0.031440
2 0.442681 0.961141 0.009607 0.016329
8 0.218018 0.922278 0.013443 0.045815
1 0.379783 0.921454 0.055862 0.088083
2 0.326587 0.776340 0.009607 0.016329
9 0.105128 0.839294 0.209797 0.321412
2 0.756478 0.696025 0.009607 0.016329
8 0.870143 0.166667 0.023312 0.029352
8 0.590832 0.824699 0.037398 0.059583
2 0.315415 0.825562 0.009607 0.016329
9 0.057312 0.327539 0.072979 0.050847
2 0.491257 0.912343 0.011549 0.032722
2 0.374676 0.515544 0.009607 0.016329
1 0.589629 0.918863 0.054883 0.132986
2 0.334845 0.671850 0.009607 0.016329
2 0.626780 0.825562 0.009607 0.016329
2 0.473285 0.884285 0.009607 0.016329
1 0.294289 0.742697 0.051005 0.074264
2 0.327072 0.790155 0.009607 0.016329
2 0.226038 0.513817 0.009607 0.016329
1 0.605306 0.327222 0.021987 0.036704
2 0.799223 0.776340 0.009607 0.016329
1 0.513605 0.645979 0.021372 0.039727
9 0.453832 0.686988 0.098008 0.298931
8 0.189359 0.617870 0.023312 0.029352
9 0.113616 0.408187 0.089977 0.125069
2 0.311043 0.987049 0.009607 0.016329
1 0.520164 0.737516 0.031573 0.055264
2 0.607837 0.292748 0.009607 0.016329
1 0.589870 0.243560 0.020401 0.022454
1 0.529393 0.362731 0.039344 0.039722
2 0.638439 0.106220 0.009607 0.016329
1 0.106061 0.580780 0.111721 0.144218
2 0.721017 0.886873 0.009607 0.016329
1 0.451186 0.878708 0.094721 0.223657
2 0.694301 0.085493 0.009607 0.016329
2 0.690415 0.152850 0.009607 0.016329
2 0.623382 0.196891 0.009607 0.016329
2 0.361074 0.372201 0.009607 0.026708
2 0.781736 0.555266 0.009607 0.016329
1 0.498548 0.290192 0.039831 0.050088
2 0.454831 0.110972 0.018359 0.031019
8 0.558306 0.691234 0.018794 0.030273
1 0.374195 0.622664 0.031089 0.034542
2 0.556832 0.582900 0.009607 0.016329
2 0.485677 0.632553 0.010104 0.025819
2 0.565090 0.600174 0.009607 0.016329
2 0.833225 0.852331 0.009607 0.016329
8 0.788306 0.359792 0.018638 0.035361
2 0.302785 0.887738 0.009607 0.016329
2 0.636012 0.133854 0.009607 0.016329
2 0.450454 0.398100 0.009607 0.016329
2 0.481540 0.158896 0.009607 0.016329
9 0.024755 0.418220 0.049510 0.074819
8 0.664664 0.217183 0.028182 0.042301
2 0.686527 0.968049 0.009607 0.016329
2 0.477171 0.422280 0.009607 0.016329
2 0.556348 0.635581 0.009607 0.016329
2 0.303757 0.308289 0.009607 0.016329
9 0.315417 0.191720 0.029479 0.046190
1 0.709607 0.661956 0.058776 0.088949
