2 0.662241 0.325562 0.013117 0.021588
9 0.315358 0.117898 0.067305 0.069204
9 0.345919 0.051382 0.046755 0.069745
1 0.240128 0.936567 0.059260 0.059588
2 0.299385 0.612262 0.013115 0.021588
2 0.685072 0.310016 0.013117 0.021588
2 0.381724 0.617049 0.013115 0.021588
2 0.866742 0.397238 0.013115 0.021588
1 0.485438 0.336396 0.168063 0.204662
8 0.026878 0.816926 0.022344 0.058722
1 0.717137 0.933544 0.037888 0.063903
2 0.309099 0.342833 0.013115 0.021593
2 0.939120 0.291021 0.013115 0.021588
2 0.259552 0.396373 0.013115 0.021588
2 0.677299 0.328150 0.013115 0.021588
1 0.424715 0.764287 0.017487 0.065630
2 0.251296 0.351470 0.013117 0.021588
1 0.537408 0.503493 0.013602 0.063903
2 0.241581 0.361831 0.013115 0.021588
9 0.435340 0.139382 0.040180 0.075644
8 0.209284 0.779831 0.029630 0.044903
2 0.907060 0.315199 0.013115 0.021593
2 0.640383 0.287565 0.013115 0.021593
9 0.257609 0.030648 0.026500 0.052778
2 0.248380 0.320382 0.013115 0.021588
1 0.193010 0.177931 0.031089 0.065630
9 0.086047 0.072581 0.099099 0.135060
2 0.656411 0.277201 0.013115 0.021588
9 0.338882 0.237634 0.073487 0.162343
