1 0.48694791666666670249 0.71094212962962965996 0.04521875000000002282 0.11903240740740746173
1 0.53086067708333339876 0.35538425925925926085 0.03217447916666671404 0.06647222222222218257
1 0.51781640625000002753 0.81451620370370370061 0.05130468749999999439 0.04173611111111115435
1 0.44825130208333330284 0.46128009259259261654 0.04782552083333329457 0.08966203703703706784
1 0.28347005208333336812 0.85084490740740736925 0.06608593750000002487 0.09584722222222220867
1 0.43086067708333336546 0.80678472222222219479 0.04086718750000001982 0.08811574074074070284
1 0.44477343749999997957 0.35693055555555558422 0.06695833333333336967 0.09120370370370370350
1 0.35477343749999995515 0.47519212962962958935 0.03478124999999998579 0.07419907407407407007
1 0.37651171874999994627 0.89412962962962960756 0.06956510416666664143 0.06801851851851854758
8 0.68781770833333344406 0.79750925925925919557 0.01739062500000005188 0.03246296296296301981
8 0.05999218750000000211 0.42649537037037038578 0.04000000000000000777 0.06028703703703704869
9 0.80035416666666669983 0.74550231481481477047 0.08269270833333332293 0.39287499999999997424
9 0.19781770833333334192 0.44968518518518513227 0.06521875000000001976 0.07884259259259263075
8 0.31607812499999998757 0.17528703703703704675 0.05478125000000003131 0.07111111111111112493
8 0.72781640624999999201 0.15287268518518518090 0.04869531249999994177 0.06029166666666667396
