9 0.076914 0.552669 0.153828 0.529014
9 0.193095 0.380748 0.066763 0.079051
9 0.799952 0.322965 0.102805 0.287218
8 0.409651 0.541451 0.014813 0.026014
1 0.504863 0.664113 0.050518 0.072542
9 0.767643 0.059977 0.064401 0.119954
9 0.881557 0.826868 0.104750 0.243208
9 0.569441 0.151891 0.154753 0.303782
9 0.753077 0.642919 0.081919 0.138699
9 0.891280 0.583757 0.215513 0.218134
9 0.819137 0.747410 0.065372 0.121569
8 0.701824 0.816053 0.034477 0.067338
1 0.731952 0.766014 0.045174 0.058722
1 0.374681 0.436567 0.034003 0.037134
9 0.930629 0.713741 0.138742 0.193259
0 0.608085 0.817826 0.014086 0.024181
8 0.841852 0.987132 0.024844 0.025736
8 0.167751 0.582074 0.104924 0.238343
1 0.346993 0.575167 0.030117 0.043176
9 0.823757 0.271164 0.077539 0.110356
8 0.629216 0.784148 0.033031 0.050083
1 0.145406 0.745720 0.029146 0.056134
9 0.584283 0.896667 0.277685 0.206667
9 0.953867 0.485319 0.092266 0.139361
9 0.653260 0.414498 0.215510 0.300171
9 0.629013 0.375447 0.044557 0.098134
9 0.297026 0.359144 0.240271 0.203472
9 0.156336 0.874354 0.046734 0.112042
8 0.555798 0.555273 0.012867 0.020843
9 0.481053 0.389889 0.115914 0.150778
8 0.434910 0.807428 0.021669 0.031468
9 0.281898 0.207685 0.067349 0.091204
1 0.449973 0.577326 0.044690 0.085495
8 0.243529 0.612743 0.124349 0.268588
9 0.291124 0.670984 0.099695 0.154356
1 0.753081 0.949951 0.029146 0.088079
1 0.155366 0.463769 0.043232 0.044907
9 0.088832 0.270806 0.091919 0.211352
9 0.042423 0.909326 0.081919 0.138699
9 0.313467 0.791463 0.305372 0.403833
9 0.813309 0.913912 0.091919 0.172176
9 0.759154 0.092106 0.126120 0.184213
