2 0.483970 0.734889 0.008742 0.016407
2 0.458711 0.963731 0.008745 0.016407
2 0.523316 0.889463 0.008742 0.016407
7 0.243523 0.146806 0.064464 0.071630
1 0.198840 0.775081 0.032060 0.080310
2 0.450944 0.914977 0.008742 0.016407
2 0.423737 0.949912 0.008745 0.016407
2 0.533031 0.877375 0.008745 0.016407
2 0.489314 0.827287 0.008742 0.016407
2 0.626296 0.475819 0.008742 0.016407
2 0.602008 0.499139 0.008745 0.016407
2 0.471827 0.829880 0.008742 0.016407
2 0.500486 0.754750 0.008742 0.016407
1 0.530893 0.651380 0.032255 0.055389
7 0.626781 0.189120 0.064464 0.071630
2 0.804566 0.437824 0.008742 0.016407
2 0.487371 0.583764 0.008742 0.016407
2 0.186691 0.058722 0.008742 0.016407
8 0.673893 0.227972 0.024245 0.050444
2 0.809424 0.416236 0.008745 0.016407
2 0.565577 0.286704 0.008742 0.016407
2 0.708387 0.479273 0.008742 0.016407
2 0.756477 0.373056 0.008745 0.016407
8 0.389249 0.553542 0.015513 0.029731
7 0.274374 0.086789 0.054273 0.055218
2 0.475712 0.740935 0.008742 0.016407
2 0.429566 0.876514 0.008742 0.016407
1 0.534737 0.927931 0.015057 0.050954
2 0.655441 0.734023 0.008742 0.016407
1 0.094402 0.601938 0.025258 0.039727
2 0.436853 0.281519 0.008742 0.016407
2 0.483484 0.219343 0.008745 0.016407
7 0.858727 0.188257 0.051349 0.061264
2 0.385849 0.644213 0.008745 0.016407
2 0.546147 0.753023 0.008742 0.016407
2 0.452397 0.971505 0.008742 0.016407
8 0.135181 0.906090 0.035169 0.065968
1 0.302305 0.707292 0.023318 0.039722
2 0.641840 0.768569 0.008742 0.016407
2 0.418395 0.709847 0.008742 0.016407
2 0.448510 0.760796 0.008745 0.016407
8 0.188635 0.142912 0.031062 0.051306
2 0.400421 0.803111 0.008742 0.016407
7 0.852917 0.529470 0.064464 0.071625
2 0.371762 0.755613 0.008742 0.016412
8 0.134962 0.096285 0.026690 0.046134
2 0.437339 0.845426 0.008745 0.016407
2 0.448996 0.892919 0.008742 0.016412
1 0.584207 0.558627 0.024367 0.039144
7 0.631875 0.075567 0.053281 0.063866
2 0.583064 0.400690 0.008742 0.016407
2 0.488828 0.913644 0.008745 0.016407
2 0.348445 0.656306 0.008745 0.016407
2 0.476198 0.814336 0.008745 0.016412
2 0.621438 0.759069 0.008745 0.016407
2 0.410622 0.678759 0.008745 0.016407
2 0.850712 0.409329 0.008742 0.016407
2 0.628724 0.082037 0.008745 0.016407
2 0.333872 0.381694 0.008745 0.016407
2 0.503400 0.784975 0.008742 0.016412
2 0.098284 0.681347 0.008745 0.016407
7 0.703842 0.454262 0.064466 0.071625
2 0.603951 0.748704 0.008745 0.016407
1 0.645245 0.226720 0.013599 0.047495
2 0.456768 0.835060 0.008745 0.016407
2 0.393135 0.072542 0.008745 0.016407
2 0.638926 0.745250 0.008742 0.016407
2 0.595207 0.488773 0.008742 0.016407
2 0.584035 0.485319 0.008742 0.016407
2 0.739475 0.518134 0.008742 0.016407
1 0.540684 0.559257 0.054727 0.063569
7 0.795984 0.580414 0.064016 0.076847
8 0.396434 0.950296 0.028497 0.040241
2 0.377591 0.753023 0.008745 0.016407
2 0.463083 0.762523 0.008745 0.016407
2 0.205635 0.113125 0.008745 0.016407
2 0.454826 0.279792 0.008745 0.016407
8 0.274743 0.556032 0.023445 0.039213
2 0.440253 0.277204 0.008745 0.016407
2 0.481056 0.582903 0.008742 0.016407
8 0.478348 0.421877 0.050044 0.066764
1 0.946654 0.888206 0.106380 0.197755
2 0.402365 0.711574 0.008745 0.016407
2 0.419366 0.700347 0.008742 0.016407
1 0.591177 0.925287 0.095302 0.052796
2 0.725388 0.725389 0.008745 0.016407
7 0.391594 0.124778 0.064464 0.071630
9 0.105867 0.273644 0.051839 0.108935
2 0.717132 0.060449 0.008742 0.016407
8 0.445074 0.716523 0.026779 0.035324
2 0.694301 0.185667 0.008742 0.016407
2 0.757448 0.492227 0.008745 0.016407
2 0.785135 0.224523 0.008745 0.016407
1 0.396297 0.211611 0.023802 0.029361
8 0.314746 0.745269 0.015513 0.029731
2 0.450939 0.290157 0.008742 0.016407
8 0.275719 0.387181 0.034276 0.053981
