9 0.779630 0.220101 0.109996 0.170662
9 0.868278 0.412552 0.063058 0.117270
8 0.923936 0.850727 0.044352 0.076824
8 0.765625 0.688194 0.133333 0.233796
9 0.222452 0.703226 0.212268 0.365160
8 0.826861 0.440070 0.032325 0.044984
1 0.621109 0.431678 0.063181 0.108441
1 0.457873 0.887171 0.054891 0.084752
1 0.303132 0.197775 0.018318 0.033511
1 0.581107 0.311821 0.069495 0.098590
1 0.270322 0.162024 0.041052 0.056466
6 0.418750 0.311111 0.044271 0.111111
1 0.853098 0.264772 0.020286 0.038943
9 0.889994 0.051167 0.031853 0.068124
1 0.665131 0.219822 0.047285 0.081665
1 0.428562 0.422618 0.017048 0.030544
6 0.208810 0.201025 0.077111 0.257619
1 0.505945 0.441718 0.025262 0.045063
1 0.887305 0.595321 0.042575 0.089444
9 0.056827 0.776637 0.113106 0.441706
1 0.686397 0.365173 0.037316 0.068497
1 0.671586 0.028634 0.016959 0.030001
1 0.612000 0.025883 0.017216 0.031988
1 0.449285 0.652998 0.017376 0.033611
