1 0.320521 0.396843 0.025745 0.066491
8 0.147345 0.518998 0.054815 0.086699
1 0.397997 0.613164 0.036917 0.127810
9 0.364866 0.779942 0.217039 0.369282
1 0.025342 0.497449 0.050685 0.124352
1 0.227013 0.494856 0.059260 0.108806
1 0.153908 0.909796 0.030602 0.061315
1 0.354038 0.566532 0.020888 0.107083
8 0.214862 0.784106 0.135453 0.189472
8 0.429814 0.506947 0.017971 0.031088
1 0.134553 0.148859 0.101466 0.150338
1 0.381482 0.463338 0.034974 0.118306
1 0.291132 0.534581 0.067034 0.141625
1 0.242557 0.937861 0.041776 0.113991
1 0.189611 0.950815 0.042747 0.077722
2 0.778335 0.483593 0.008258 0.017259
8 0.090030 0.405000 0.059680 0.067685
1 0.225312 0.636479 0.049062 0.167532
8 0.199806 0.347576 0.054815 0.086699
9 0.165880 0.668613 0.058448 0.100829
9 0.952318 0.394683 0.095365 0.079449
2 0.818652 0.763387 0.008258 0.017264
2 0.723931 0.462868 0.008258 0.017264
2 0.530363 0.864456 0.008258 0.017264
2 0.538374 0.767704 0.008258 0.017259
2 0.606379 0.686530 0.008258 0.017264
8 0.043438 0.669137 0.086875 0.192931
