2 0.790480 0.401556 0.007768 0.014694
2 0.735103 0.840243 0.007768 0.014699
2 0.799710 0.358377 0.007768 0.014699
7 0.191770 0.281537 0.058294 0.071037
2 0.583549 0.479275 0.007766 0.014699
2 0.462116 0.728882 0.011659 0.024181
2 0.523803 0.208981 0.007768 0.014694
2 0.590350 0.500866 0.007768 0.014694
2 0.320272 0.871331 0.007768 0.014699
9 0.625887 0.196650 0.066721 0.267745
2 0.321243 0.894646 0.007768 0.014699
2 0.497085 0.644215 0.007768 0.014699
2 0.820595 0.951641 0.007768 0.014699
2 0.802137 0.964595 0.007768 0.014699
9 0.518559 0.802530 0.055773 0.096023
8 0.870633 0.669296 0.034974 0.075991
7 0.356960 0.193794 0.058294 0.071042
2 0.537402 0.189981 0.007768 0.014694
1 0.417862 0.378898 0.027557 0.040111
2 0.395077 0.845424 0.007768 0.014699
1 0.384154 0.901593 0.030604 0.046630
1 0.345780 0.775944 0.024773 0.061315
1 0.435885 0.565236 0.049547 0.063037
2 0.441225 0.814336 0.007768 0.014699
2 0.389249 0.849741 0.007768 0.014694
2 0.548090 0.532815 0.007768 0.014694
8 0.897318 0.774539 0.067385 0.111181
2 0.443652 0.892919 0.007768 0.014699
2 0.809910 0.955958 0.007768 0.014694
2 0.705960 0.324699 0.007768 0.014694
2 0.584522 0.497410 0.007768 0.014699
7 0.467758 0.218863 0.058292 0.071042
2 0.462111 0.784111 0.007768 0.014694
2 0.771049 0.366148 0.007766 0.014694
2 0.733160 0.796199 0.007768 0.014694
8 0.533999 0.468060 0.011169 0.017861
8 0.097307 0.686530 0.032052 0.044903
2 0.537889 0.546634 0.007768 0.014694
2 0.445595 0.994167 0.007768 0.011667
2 0.566061 0.505181 0.007768 0.014694
2 0.617553 0.860104 0.007768 0.014699
8 0.494898 0.181352 0.011661 0.017852
2 0.408194 0.811745 0.007768 0.014694
2 0.386335 0.683940 0.007768 0.014694
2 0.235751 0.878238 0.007768 0.014699
2 0.345530 0.871331 0.007768 0.014699
7 0.407322 0.270794 0.058294 0.071042
7 0.903398 0.517905 0.079453 0.092523
2 0.586465 0.826426 0.007768 0.014694
2 0.419366 0.702937 0.007768 0.014699
2 0.472798 0.821245 0.007768 0.014694
1 0.220941 0.487949 0.065576 0.094991
2 0.218750 0.417097 0.007766 0.014694
2 0.603952 0.869604 0.007768 0.014699
7 0.740724 0.385407 0.058292 0.071037
2 0.543717 0.230569 0.007768 0.014694
2 0.804079 0.976685 0.007768 0.014694
2 0.408678 0.923144 0.007768 0.014694
2 0.603952 0.660620 0.007768 0.014694
1 0.541051 0.622231 0.047117 0.085491
2 0.666126 0.418826 0.007768 0.014699
2 0.551004 0.543178 0.007768 0.014699
2 0.683613 0.845424 0.007768 0.014699
2 0.312500 0.864421 0.007766 0.014694
1 0.568253 0.732336 0.031573 0.069088
2 0.598608 0.859241 0.007768 0.014694
8 0.796952 0.656618 0.028919 0.041347
2 0.760848 0.957685 0.007768 0.014694
2 0.259553 0.402419 0.007768 0.014699
1 0.707906 0.918431 0.040802 0.075130
2 0.279954 0.384282 0.007768 0.014694
1 0.328777 0.371368 0.028659 0.044903
2 0.290155 0.829016 0.007768 0.014699
2 0.445111 0.819516 0.007768 0.014699
2 0.413538 0.683940 0.007768 0.014694
2 0.442194 0.763824 0.007768 0.014694
2 0.776392 0.320380 0.007768 0.014694
1 0.495603 0.362667 0.047909 0.074417
2 0.530116 0.201208 0.007768 0.014694
2 0.583064 0.492227 0.007768 0.014694
9 0.257159 0.926947 0.033286 0.096755
8 0.256152 0.334197 0.028919 0.041347
7 0.867637 0.285120 0.058294 0.071037
2 0.529145 0.909329 0.007768 0.014694
2 0.711788 0.856648 0.007768 0.014694
8 0.155848 0.107569 0.022836 0.043750
