8 0.903291 0.582960 0.018749 0.035961
1 0.676432 0.299074 0.064323 0.087037
8 0.083596 0.379559 0.020018 0.033282
8 0.708265 0.573671 0.024001 0.055088
8 0.191045 0.223003 0.019529 0.033554
8 0.486198 0.786992 0.040361 0.046667
8 0.638053 0.046796 0.042046 0.070319
8 0.188682 0.800156 0.027801 0.044703
8 0.836574 0.273471 0.038763 0.057667
1 0.478936 0.070282 0.028140 0.040934
1 0.477683 0.630938 0.049781 0.071326
1 0.509779 0.063509 0.017780 0.035997
8 0.287179 0.128575 0.014614 0.026988
8 0.608125 0.893680 0.026183 0.042580
1 0.527306 0.504533 0.028560 0.047907
8 0.852691 0.457294 0.021385 0.038659
8 0.751262 0.301384 0.021784 0.038259
8 0.174367 0.161139 0.017454 0.027877
8 0.403659 0.307403 0.026901 0.067754
1 0.425594 0.755072 0.025252 0.035479
8 0.339331 0.815905 0.018332 0.030844
7 0.058203 0.295139 0.074219 0.078241
8 0.314365 0.362917 0.011714 0.023116
1 0.169215 0.442111 0.020335 0.034188
8 0.980559 0.902560 0.035570 0.050902
1 0.568926 0.416936 0.026538 0.046613
1 0.436231 0.438333 0.087326 0.102353
8 0.147069 0.017514 0.038117 0.035027
1 0.010311 0.682793 0.019921 0.044316
1 0.358658 0.121761 0.021868 0.038871
1 0.840940 0.192445 0.023465 0.048368
1 0.429116 0.052356 0.016117 0.028581
8 0.870296 0.077252 0.058379 0.073334
1 0.497137 0.724293 0.073849 0.099012
6 0.784800 0.334608 0.060113 0.144360
