9 0.155969 0.243226 0.047171 0.087256
1 0.670011 0.180219 0.025270 0.051509
8 0.073664 0.292160 0.069056 0.118295
8 0.724669 0.531812 0.025183 0.065816
1 0.411391 0.128939 0.026676 0.040695
9 0.548622 0.657535 0.069263 0.189404
8 0.752244 0.845780 0.020620 0.030042
8 0.813101 0.349298 0.015817 0.028290
8 0.746190 0.784499 0.016762 0.031743
9 0.858768 0.487093 0.062829 0.100148
8 0.522433 0.396164 0.053686 0.095620
6 0.744401 0.221759 0.178385 0.421296
7 0.822135 0.290046 0.081250 0.093981
1 0.539004 0.105093 0.019917 0.035475
8 0.909656 0.208332 0.014470 0.023880
8 0.542470 0.282889 0.058894 0.112027
8 0.379195 0.019005 0.031936 0.038009
1 0.383647 0.574919 0.049648 0.059429
2 0.736532 0.874507 0.009380 0.017170
1 0.495511 0.183540 0.019151 0.031463
6 0.024073 0.716056 0.048146 0.298094
1 0.329255 0.781467 0.051258 0.091174
1 0.622192 0.183816 0.059488 0.060778
1 0.638211 0.180488 0.034270 0.062542
7 0.656522 0.489581 0.083142 0.099640
1 0.423637 0.072507 0.022192 0.031698
1 0.207887 0.098032 0.029647 0.046439
2 0.808652 0.686781 0.010854 0.018686
1 0.351084 0.518547 0.016074 0.030574
2 0.469447 0.855093 0.010271 0.018531
1 0.498267 0.076362 0.028981 0.046114
1 0.059476 0.216280 0.021366 0.039212
8 0.205839 0.510561 0.017304 0.034222
1 0.193951 0.175832 0.039423 0.058956
2 0.040541 0.876391 0.012928 0.021512
1 0.312032 0.550635 0.035368 0.056685
2 0.686748 0.780254 0.009545 0.016984
1 0.419526 0.317334 0.024440 0.045042
1 0.465905 0.291866 0.026905 0.034697
2 0.793690 0.902717 0.009644 0.016418
