2 0.570921 0.729706 0.008451 0.016282
2 0.820591 0.410616 0.013297 0.018861
2 0.908031 0.367014 0.008448 0.016287
2 0.442197 0.902419 0.008451 0.016282
2 0.418395 0.890329 0.008451 0.016287
8 0.963332 0.511856 0.073065 0.111704
2 0.417423 0.928324 0.008451 0.016287
3 0.450944 0.097190 0.215674 0.140759
7 0.254031 0.322106 0.064464 0.071630
2 0.228952 0.365287 0.008451 0.016287
2 0.804079 0.861831 0.008451 0.016282
2 0.571892 0.501727 0.008451 0.016287
2 0.657384 0.674440 0.008451 0.016287
2 0.856540 0.490500 0.008451 0.016287
2 0.647668 0.771157 0.008451 0.016287
7 0.615206 0.158095 0.064464 0.071625
7 0.466534 0.229005 0.064464 0.071630
2 0.164832 0.367877 0.008451 0.016282
2 0.383421 0.503456 0.008451 0.016282
2 0.598121 0.749569 0.008451 0.016287
2 0.601038 0.679620 0.008451 0.016287
2 0.682158 0.520727 0.008451 0.016287
2 0.423251 0.924007 0.008451 0.016282
2 0.703043 0.804836 0.008451 0.016282
2 0.579663 0.711572 0.008451 0.016282
7 0.764708 0.379410 0.064464 0.071625
2 0.565090 0.852331 0.008451 0.016282
1 0.531094 0.249174 0.018458 0.054403
1 0.458474 0.131731 0.052948 0.061315
2 0.875000 0.496546 0.008448 0.016287
2 0.605895 0.744387 0.008451 0.016282
2 0.323186 0.198620 0.008451 0.016287
2 0.490285 0.778067 0.008451 0.016282
2 0.578691 0.836789 0.008451 0.016282
9 0.615993 0.428954 0.023117 0.068667
2 0.447538 0.746977 0.008451 0.016287
2 0.554405 0.843697 0.008451 0.016282
2 0.520402 0.540588 0.008451 0.016287
2 0.419850 0.684801 0.008451 0.016287
2 0.568978 0.200347 0.008451 0.016287
2 0.641840 0.752160 0.008451 0.016282
2 0.809807 0.587856 0.013297 0.018861
2 0.392163 0.897236 0.008451 0.016287
2 0.613181 0.541451 0.008451 0.016282
2 0.505342 0.840243 0.008451 0.016282
2 0.115772 0.346287 0.008451 0.016287
2 0.634789 0.256477 0.006036 0.016287
2 0.504858 0.922280 0.008451 0.016282
2 0.345046 0.943870 0.008451 0.016287
2 0.486400 0.766840 0.008451 0.016282
2 0.557803 0.500000 0.008451 0.016287
2 0.442681 0.753887 0.008451 0.016282
2 0.650582 0.658896 0.008451 0.016282
2 0.636983 0.682211 0.008451 0.016282
2 0.340673 0.183074 0.008451 0.016287
2 0.784650 0.699484 0.008451 0.016282
2 0.624837 0.300519 0.008451 0.016287
2 0.624353 0.779794 0.008451 0.016282
1 0.606762 0.968035 0.042060 0.063931
2 0.519431 0.938688 0.008451 0.016282
2 0.342132 0.173576 0.008451 0.016282
1 0.968753 0.257780 0.033286 0.094810
2 0.330960 0.189120 0.008451 0.016287
2 0.580634 0.476685 0.008451 0.016287
1 0.622901 0.903319 0.031089 0.055269
2 0.594236 0.566495 0.008451 0.016287
2 0.419366 0.945597 0.008451 0.016287
2 0.363503 0.682646 0.013307 0.024060
8 0.106547 0.554875 0.063146 0.068222
1 0.594727 0.861007 0.021375 0.063903
2 0.570921 0.852331 0.008451 0.016282
8 0.802624 0.086708 0.084482 0.133148
2 0.571892 0.135579 0.008451 0.016287
2 0.588892 0.144215 0.008451 0.016282
2 0.595694 0.468912 0.008451 0.016287
2 0.511658 0.914509 0.008451 0.016287
2 0.661270 0.688257 0.008451 0.016282
2 0.214379 0.551815 0.008451 0.016287
8 0.925038 0.218519 0.038862 0.088083
2 0.405764 0.954231 0.008451 0.016287
2 0.440738 0.916236 0.008451 0.016287
8 0.210518 0.748442 0.027557 0.041810
2 0.800194 0.676167 0.008451 0.016287
1 0.709850 0.566530 0.039831 0.096718
1 0.759146 0.493086 0.055146 0.093921
1 0.505005 0.605604 0.087698 0.104292
2 0.591322 0.481866 0.008451 0.016287
2 0.494171 0.892056 0.008451 0.016287
2 0.580634 0.449051 0.008451 0.016287
2 0.437824 0.757340 0.008451 0.016282
2 0.952720 0.384285 0.008451 0.016282
2 0.785139 0.422280 0.013315 0.026644
2 0.491257 0.880829 0.008451 0.016287
2 0.456770 0.928324 0.008451 0.016287
2 0.903173 0.468912 0.008451 0.016287
2 0.383900 0.606215 0.013294 0.021458
2 0.231866 0.353194 0.008451 0.016287
