9 0.56914192708333333215 0.37763657407407402733 0.12779947916666667407 0.26584722222222217924
9 0.50194661458333333925 0.20313888888888886886 0.09222656250000002554 0.22368518518518520910
9 0.39061718750000001821 0.92978009259259264407 0.18181770833333329995 0.14043981481481476736
9 0.61591276041666664920 0.54511111111111110183 0.16337239583333343362 0.31503703703703705985
9 0.47361979166666662300 0.81910879629629629317 0.15019791666666665320 0.36178240740740741366
8 0.36755989583333337212 0.11700231481481480900 0.12384895833333331439 0.19920833333333334836
8 0.12282942708333334514 0.64231249999999995293 0.04018489583333335197 0.06206944444444451731
9 0.29707291666666668650 0.73834722222222215482 0.10276562499999997158 0.23305555555555548808
8 0.03060416666666666494 0.93212268518518515137 0.05863020833333333626 0.13575462962962964175
9 0.66041536458333327531 0.21054166666666665475 0.14899739583333335147 0.31737962962962962266
8 0.36064322916666663454 0.32435185185185183565 0.07048958333333335546 0.11945370370370370083
