2 0.581121 0.609671 0.011169 0.021593
2 0.631638 0.180484 0.011167 0.021588
1 0.787327 0.405910 0.028659 0.067356
1 0.701353 0.520764 0.102503 0.077722
6 0.727839 0.704005 0.067865 0.168657
1 0.358651 0.419727 0.016516 0.067361
1 0.745066 0.384322 0.029633 0.048356
8 0.765954 0.418431 0.037404 0.052676
1 0.783198 0.308329 0.022344 0.032815
0 0.652220 0.639201 0.029763 0.049856
1 0.332422 0.419727 0.020401 0.053537
1 0.365210 0.290194 0.028659 0.022454
1 0.313477 0.568259 0.018458 0.050083
8 0.920180 0.370505 0.033031 0.050083
2 0.635525 0.159759 0.011169 0.021593
2 0.488342 0.746113 0.011169 0.021588
1 0.248143 0.304012 0.032547 0.041449
2 0.485427 0.761657 0.011167 0.021593
1 0.481794 0.305306 0.026724 0.035407
2 0.936204 0.242662 0.011169 0.021593
2 0.572378 0.781521 0.011167 0.021588
2 0.781250 0.274611 0.011167 0.021593
0 0.900815 0.308296 0.019719 0.028269
2 0.495628 0.150259 0.011167 0.021593
0 0.548095 0.183074 0.020060 0.034315
