6 0.589562 0.450456 0.085337 0.215406
6 0.492332 0.644890 0.050389 0.142885
1 0.461094 0.081047 0.031059 0.053003
9 0.553706 0.060939 0.063079 0.121877
8 0.361885 0.368651 0.021153 0.046314
1 0.501755 0.035958 0.023806 0.043282
2 0.755183 0.296102 0.059670 0.074352
1 0.327796 0.161902 0.028157 0.057189
9 0.706536 0.313628 0.062784 0.107609
8 0.655783 0.319855 0.030471 0.049062
1 0.637560 0.354030 0.019819 0.037656
8 0.448446 0.657757 0.020415 0.058090
1 0.128454 0.493754 0.027637 0.048378
1 0.385961 0.124034 0.021533 0.036557
1 0.513017 0.156098 0.025188 0.052850
