9 0.77477473958333342718 0.22707638888888889706 0.13043489583333342519 0.16541203703703705186
9 0.18825130208333332171 0.81065046296296305872 0.23217447916666669738 0.37410648148148145653
8 0.62477343750000002842 0.61123148148148143122 0.08782812500000006239 0.10202777777777782831
9 0.82694401041666665275 0.59809027777777779011 0.26435677083333336546 0.73430092592592599576
9 0.10433984375000000810 0.55403240740740744563 0.17217447916666667185 0.22261111111111117622
9 0.31999088541666664831 0.68465972222222215571 0.28869531249999996758 0.57970833333333326998
9 0.65086067708333339432 0.37007175925925928084 0.16086718750000000844 0.31227314814814810529
9 0.54477473958333333393 0.23789814814814816413 0.07043489583333334414 0.11594444444444447495
9 0.51912109375000003997 0.52620601851851855901 0.12521614583333337545 0.36173611111111114713
9 0.32303385416666668961 0.23248611111111111560 0.16260937500000002820 0.21333333333333337478
9 0.45608072916666664298 0.18069907407407406752 0.10695312500000000999 0.13139814814814818056
