6 0.784611 0.743125 0.116039 0.233565
1 0.241586 0.616188 0.029146 0.069949
2 0.097798 0.288428 0.016513 0.027634
1 0.858975 0.936567 0.047602 0.120032
1 0.938396 0.380435 0.040318 0.069944
1 0.876462 0.424907 0.027201 0.074269
0 0.614147 0.138597 0.025091 0.040306
0 0.705030 0.681512 0.029956 0.053273
1 0.389010 0.248310 0.038375 0.042315
1 0.833716 0.391662 0.032057 0.064769
2 0.692844 0.194299 0.016516 0.027634
2 0.329501 0.234025 0.016513 0.027634
2 0.112857 0.249567 0.016516 0.027634
2 0.559747 0.098447 0.016516 0.027634
1 0.385371 0.389493 0.026237 0.069069
8 0.846827 0.423137 0.037404 0.069931
2 0.825453 0.163215 0.016516 0.027634
1 0.532065 0.267741 0.036917 0.024176
2 0.628243 0.638206 0.016513 0.027634
1 0.314934 0.580350 0.035945 0.053542
2 0.560719 0.262521 0.016516 0.027634
1 0.321977 0.405046 0.029630 0.046630
1 0.770811 0.547965 0.111237 0.120032
