1 0.26694791666666667362 0.70321064814814815414 0.01739062499999999289 0.02937500000000002262
1 0.83433463541666663676 0.13692361111111112093 0.05370052083333334142 0.05140277777777776252
1 0.50999088541666670604 0.25026388888888889683 0.02173697916666661456 0.05719444444444445053
1 0.73216536458333336679 0.45432407407407404687 0.02956510416666672039 0.07265740740740737891
1 0.73450130208333319626 0.86721527777777773771 0.05782031250000005396 0.17381018518518520644
1 0.40607682291666669094 0.14900694444444445574 0.02956510416666665794 0.04637500000000000649
1 0.20346874999999997602 0.71016898148148144276 0.02260937500000001141 0.05565277777777779405
7 0.56730468749999996003 0.07712499999999999911 0.05424479166666659746 0.07884259259259260300
7 0.17216536458333334125 0.48910648148148150316 0.07304427083333334125 0.10821296296296291362
2 0.46955598958333333304 0.80370370370370369795 0.01739322916666665580 0.02935185185185189283
7 0.67825260416666666163 0.59886342592592600731 0.11652083333333335124 0.12367129629629623755
0 0.71936588541666657282 0.16141203703703702055 0.01742968749999995737 0.04486111111111112937
9 0.49694661458333333481 0.42031249999999997780 0.05130468749999999439 0.09430092592592595468
