2 0.389249 0.665803 0.007773 0.015551
1 0.610513 0.868778 0.058776 0.132991
2 0.402365 0.705528 0.007771 0.015546
1 0.925767 0.718949 0.053919 0.033676
2 0.901212 0.398606 0.007773 0.015546
2 0.342792 0.326069 0.007771 0.015546
1 0.384154 0.272060 0.036432 0.065630
2 0.504371 0.635579 0.007773 0.015546
2 0.301328 0.275477 0.007771 0.015546
2 0.440738 0.716755 0.007773 0.015546
2 0.583531 0.166484 0.007771 0.015551
2 0.793958 0.263894 0.007771 0.015546
2 0.395254 0.325032 0.007773 0.015546
2 0.290914 0.192389 0.007771 0.015546
1 0.414270 0.517741 0.017003 0.059583
1 0.810158 0.783285 0.020888 0.060449
2 0.535460 0.247843 0.007773 0.015546
1 0.607355 0.291488 0.032060 0.102764
8 0.960212 0.767701 0.079576 0.115708
2 0.105085 0.427461 0.007773 0.015551
2 0.474529 0.172701 0.007771 0.015551
2 0.362533 0.874785 0.007773 0.015551
1 0.789755 0.455565 0.054891 0.173574
9 0.672234 0.281968 0.084026 0.134815
2 0.344560 0.579442 0.008745 0.018986
1 0.234056 0.528968 0.022831 0.037130
2 0.355616 0.261819 0.007773 0.015546
2 0.409164 0.337653 0.007771 0.015546
1 0.758424 0.240106 0.036917 0.051815
2 0.228951 0.306565 0.007771 0.015546
2 0.393621 0.911053 0.007773 0.015551
2 0.335798 0.288764 0.007773 0.015546
1 0.276802 0.573440 0.048089 0.069083
2 0.748706 0.926597 0.007771 0.015546
2 0.379048 0.672713 0.007773 0.015546
2 0.497262 0.323995 0.007773 0.015546
2 0.419736 0.101199 0.007773 0.015546
2 0.373219 0.812609 0.007771 0.015551
1 0.542997 0.926630 0.076255 0.134704
8 0.808216 0.642921 0.047578 0.092398
2 0.459682 0.276338 0.007771 0.015546
1 0.577482 0.419296 0.051005 0.056130
2 0.806199 0.308454 0.007773 0.015546
9 0.704267 0.849931 0.040112 0.087824
1 0.464302 0.376549 0.049062 0.077718
2 0.467456 0.703801 0.007771 0.015546
2 0.436367 0.272021 0.007771 0.015551
1 0.667103 0.395546 0.074805 0.088083
2 0.464540 0.736616 0.007773 0.015546
1 0.338493 0.373958 0.020888 0.067361
2 0.339878 0.279438 0.007771 0.015551
1 0.685715 0.638951 0.073716 0.105449
1 0.578940 0.717655 0.040318 0.063903
2 0.124514 0.240933 0.007773 0.015551
2 0.317728 0.239023 0.007773 0.015546
9 0.368359 0.520301 0.013229 0.048009
2 0.363504 0.719345 0.007773 0.015551
2 0.167746 0.199481 0.007773 0.015546
7 0.967055 0.585116 0.060620 0.087046
1 0.144678 0.920590 0.031576 0.093264
2 0.145401 0.306565 0.007771 0.015546
2 0.174061 0.059586 0.007773 0.015551
2 0.907309 0.701697 0.053044 0.090153
2 0.348039 0.334359 0.007771 0.015551
2 0.533401 0.300162 0.007771 0.015546
2 0.527572 0.343685 0.007773 0.015546
2 0.231380 0.322106 0.007771 0.015546
1 0.318820 0.693044 0.040802 0.090671
2 0.592275 0.141613 0.007773 0.015551
2 0.457254 0.703801 0.007773 0.015546
1 0.717865 0.747016 0.029630 0.086356
8 0.687100 0.490613 0.034867 0.041755
1 0.624842 0.634755 0.056346 0.088083
2 0.367391 0.923144 0.007771 0.015546
9 0.409648 0.454220 0.020026 0.036745
2 0.511659 0.656303 0.007771 0.015551
2 0.411574 0.421405 0.007773 0.015551
2 0.327559 0.237479 0.007773 0.015551
9 0.725475 0.470424 0.060836 0.104125
9 0.111849 0.727461 0.186177 0.243125
2 0.309586 0.514681 0.007771 0.015546
9 0.474018 0.490498 0.027328 0.050579
2 0.940848 0.374766 0.014763 0.027968
2 0.344074 0.834197 0.007773 0.015551
2 0.357674 0.628671 0.007771 0.015546
2 0.500176 0.191354 0.007773 0.015551
8 0.605646 0.716317 0.088880 0.170977
2 0.128400 0.349741 0.007773 0.015546
2 0.299871 0.819516 0.007773 0.015551
2 0.509229 0.649396 0.007771 0.015551
2 0.509229 0.638171 0.007771 0.015546
2 0.341160 0.555269 0.007773 0.015546
2 0.316872 0.514681 0.007771 0.015546
1 0.384639 0.499174 0.029633 0.048356
2 0.363504 0.831606 0.007773 0.015546
1 0.595698 0.963336 0.029146 0.061310
2 0.525241 0.290836 0.007773 0.015551
1 0.342135 0.492699 0.031089 0.071676
8 0.555404 0.821720 0.052661 0.094319
2 0.864799 0.867877 0.007771 0.015551
1 0.832259 0.607118 0.047602 0.122625
2 0.360279 0.328141 0.007771 0.015551
2 0.482027 0.230572 0.007773 0.015551
9 0.791939 0.114861 0.016799 0.051574
2 0.343103 0.253023 0.007773 0.015546
2 0.366418 0.810882 0.007773 0.015551
2 0.504371 0.660623 0.007773 0.015551
2 0.816691 0.317778 0.007773 0.015546
2 0.495629 0.225389 0.007773 0.015546
1 0.331206 0.881729 0.040318 0.050088
